1000040221,4
1000150614,12
1000213640,13
1000253785,18
1002479173,19
100284573,1
10085252,4
1010500484,28
101059630,5
101072718,21
1011431168,1
101236100,98
101320846,20
101484658,2
101556331,140
1015649744,15
1016046138,12
101704542,1
1017135115,14
1017163472,57
101723412,2
101801943,1
1018355414,2
1020605185,97
1022172848,25
10229432,80
102697298,33
102746302,3
102774832,1
1028274374,23
102859225,4
103068612,10
103078085,6
103131741,2
103158602,35
10338502,2
10345092,3
1034877222,70
1036339590,4
1037661248,5
10388052,4
10394892,6
1039827715,3
1041175586,5
104191265,7
104236454,1
1043109774,2
104357565,2
1043687766,8
104571903,7
104632853,6
104967400,17
104990437,8
1051674595,2
105222059,32
1053918991,11
105520536,61
105870567,15
105996024,14
106283870,3
1063521685,1
1063652005,4
1064612984,8
106545115,50
106586007,3
10662232,3
1069112569,29
1069560794,9
107075100,3
10713472,40
107155012,4
1071938527,12
107227924,2
1072564896,6
107738327,18
108025638,22
10812602,24
108145407,3
108269915,39
108314572,11
108319357,6
108337747,141
108361251,25
1084076496,14
1084476932,2
1086228632,13
108644993,16
108726089,9
1089452113,63
1089865316,16
109143958,10
109429131,25
10950462,20
109630617,8
109944061,8
1101033146,1
1101867138,12
110220901,6
110260280,5
11028672,17
110400643,4
110499405,24
1105005115,25
110529214,12
110568251,24
1109010956,4
1109927191,5
111179676,2
1113098514,42
111539699,9
1115483964,12
111585813,1
11165942,23
111784454,17
111805847,41
1118595888,41
1119044329,7
1119403483,110
112242565,17
112420938,14
112521694,5
1128506810,26
1129930567,3
113422633,48
113447232,37
1134847273,1
113579738,29
113635471,13
11370482,1
1139906678,22
114047849,78
114247984,2
114286439,16
114485962,11
1144914272,4
114492348,45
114711441,6
114802761,34
1152082741,3
1158042708,5
115991606,1
1160246094,35
116173360,1
116226307,22
116415297,1
1164214938,1
1164773058,1
116600175,7
11675022,25
116781484,6
11679202,112
1169453988,68
116984789,2
1171458823,16
1173015002,11
11751992,19
117549351,3
117634732,4
117655590,162
11782232,9
117827481,4
117860697,167
11797632,1
1179849570,17
118111402,1
118125905,9
1183145191,22
1183155162,20
1183602356,6
118530656,31
118597696,9
1188250608,6
118859689,2
11889212,1
119236023,120
1193301476,7
119340576,1
119381780,6
119428035,15
119455035,4
119532096,66
1195643551,1
119654649,1
119726286,8
11976752,46
119776466,9
1199028878,3
1201372405,18
120187777,2
120196098,18
1203160010,21
1203539954,3
120445214,1
120459334,28
120558623,2
1205772602,98
1206788918,117
120726629,62
1209111936,46
120912744,28
121184297,10
1212552847,4
1212799794,12
121337380,3
121488648,3
121623257,7
1216626985,9
121764271,2
121777961,76
12190442,1
1220308309,95
1223001289,3
122348347,34
1225024027,2
1225838173,1
1226294850,45
1226650470,67
122754605,4
12278082,3
1227876030,6
122796205,26
1228248973,52
123090901,4
12331682,12
1233395802,52
1233933236,3
123944221,8
1240053380,4
124057120,27
1241257406,14
124142546,11
1244081659,6
124416650,5
124615131,4
124642826,14
1246989942,1
124809892,57
124989485,26
1250004552,65
125068970,1
125074959,48
125126304,10
125183226,1
1252478533,5
1252772244,7
1254162842,3
1257960678,18
125832061,1
125882840,1
125981729,11
1260404576,12
126091658,5
126218417,5
126226472,2
126364406,1
126386853,3
1264784754,47
1264840670,9
126583240,2
126674165,119
1268269128,1
126926838,1
1269367291,1
126942814,4
126981080,35
127310184,1
127326678,30
127339208,2
127360087,11
1275646220,3
127822202,22
127936560,1
128104358,109
1281700362,137
128199806,36
128199937,8
1282214575,1
128273388,54
1284631548,1
1286086723,15
128878339,4
1289569429,60
1290835087,11
1292348114,39
129264729,1
129525984,6
1296661776,2
129868603,87
130165163,169
1306564723,1
1306576184,37
1307080273,23
1308253232,39
131073437,23
1311679567,1
131175277,12
131292321,32
13132922,14
1315162092,38
131607365,45
1317496045,2
131850385,21
131963178,5
1321311414,5
132224341,20
132284247,57
1322862109,2
132323850,6
1324624316,10
132515018,2
13253152,37
132566178,5
1327230014,62
132862472,6
132877807,16
1330203326,29
133038489,2
1334201376,6
1334511702,18
13366902,1
1337233160,7
133882958,161
134236971,20
134320077,7
134321317,3
134685756,45
13484842,1
135125352,10
135276467,2
1353158406,9
1353924158,3
1355356957,3
135558978,29
1357037023,1
1357193438,92
1358470356,66
135881751,6
1358843382,1
135931000,21
135948711,3
1359535093,45
1362860378,5
136643986,1
136723074,2
13672902,12
1367377687,39
136811461,3
1369021363,18
1370337572,3
1372796258,10
137559152,6
1375664054,4
137778787,2
137780842,9
1380134624,51
1380361633,3
1381789868,21
138191411,4
1383530480,4
138393706,6
138408853,13
138440486,4
138480191,80
1385243425,10
1385829727,15
1385856260,4
138628151,2
138649441,1
138779935,1
1387824823,2
13882452,18
1389293401,3
139017794,4
139247597,5
139249454,3
1393073078,10
139338663,136
1393466089,6
139387340,3
1395160844,5
1396553353,3
139774916,25
1397938652,20
139806573,46
1400124404,4
1400481625,47
140067631,1
140203250,4
140501750,5
1405049754,3
14052678,1
140612514,25
14062325,3
1407527059,11
140804829,2
14094879,10
1409941494,46
1410342842,2
141045345,4
14125804,6
14140277,56
1414510111,2
14153395,21
141636868,22
141924338,3
14200048,1
14205478,2
14209500,6
142261995,2
142316258,10
14232020,4
142321217,7
142497043,5
14254900,3
142614859,3
142768299,25
1428000655,73
142809315,91
1428457171,1
14293207,5
1430244620,7
143082427,1
143084456,5
143126611,11
14317915,3
1432116541,16
14323946,119
14331316,32
14342000,3
143462609,21
14355569,128
14364143,5
143649480,1
14369156,155
1437114110,6
14391114,7
14395172,1
14399027,2
14405050,8
14415726,1
1441880437,1
14420201,5
14435128,10
1449317748,33
14495514,6
1450078166,8
14501869,19
145031866,10
14505199,87
145486605,4
14558396,154
1457161,4
14574948,8
1459445652,1
1462912104,19
14632290,6
14633327,2
146395176,5
14640763,4
146439288,8
14650625,25
1467722173,41
146776619,37
146897456,1
146923278,2
1469639660,192
1469846648,18
14709071,17
147324340,7
147351557,8
1474142496,2
1474849609,49
147501457,60
1475731428,52
1475982656,12
14760929,6
1476135110,10
14761953,19
1477400556,14
14791694,8
148016460,31
14802222,148
148053555,1
14805993,82
1480684118,15
1480982863,14
148242110,1
14836635,12
1483837957,48
1484667084,4
1485400939,9
14858880,8
1485985375,10
14864654,8
14870211,2
14871153,1
148810543,12
148939787,155
149120206,38
149282940,11
14929875,74
1493304390,3
14938176,6
14939669,75
149549886,6
14955971,6
149652936,2
1499010884,17
1499956723,1
150135028,47
150146468,16
150189884,1
15024454,1
15029306,5
150367642,42
15043443,2
150489728,5
15055506,4
150607719,19
150729684,8
1507520395,16
1508390546,20
150864005,126
15095814,7
15102327,2
151103103,1
15112647,1
151200610,2
15139759,3
1514785208,46
1514884884,34
151600976,1
151618880,4
1516533278,3
15168205,2
151883285,9
15191555,9
15198606,19
152112502,11
1521853476,26
15231392,18
1523284525,18
152391037,48
1523970818,13
15239958,15
1524755450,2
152493326,8
1524983034,18
15254506,2
1525588278,14
1525852106,5
1526132737,1
15262738,3
152701259,21
15271803,31
152728867,1
152905449,1
1529610630,22
1529835642,3
15301520,35
153022621,1
153107472,5
15313526,3
153202948,2
15321034,11
1532233520,11
15344483,6
1534501315,4
153451328,2
15365921,15
15370251,12
15380155,30
1539271098,25
153958494,15
1539687606,31
15399555,12
15402714,4
1540858009,4
154144537,108
1541980518,8
154206155,10
154243381,1
15425268,136
154278355,1
15432134,22
15436338,22
1543742707,7
15456860,1
1545771775,49
15469705,18
154702483,5
15470866,17
154722375,74
1549503361,2
1550630912,4
155245211,45
15547814,4
155517346,1
15561712,17
155658381,24
155716553,106
1557196231,11
15582644,3
15584164,1
155936725,4
15595321,11
155959011,134
1559609912,5
1560154010,12
15615098,10
1561528808,13
1561748131,17
15621312,8
156225220,79
1562923922,2
1562982499,7
156475979,23
156539824,1
156559980,1
156634933,194
15668489,1
1566968718,21
15673251,1
156820556,34
156843759,13
1568693665,2
1568723143,8
156907675,1
15707872,12
157082787,20
157094318,137
15711949,24
15745839,119
15747753,2
1575085327,19
157523581,25
157556413,6
15758069,14
1576607244,54
15778759,20
1577948910,7
15782158,2
1578336278,3
15785625,6
15800206,1
15801372,1
158047989,3
15838836,4
15854193,23
158591470,1
15860847,1
158638116,6
15866501,5
15866653,7
1587201391,3
158785594,2
1589016246,31
15891205,23
15891953,1
15897190,5
15903576,33
1590754579,1
159150637,4
1594201,7
159428332,11
159495374,8
1596296610,5
15963461,58
159678716,10
1596795811,1
1597072105,2
1597653200,15
15989636,77
15993691,2
1599391160,2
15995142,1
1599600432,81
16003129,15
1600655582,2
16016718,20
1601970428,8
1601992578,1
160210023,33
16021680,43
160217269,39
16048430,2
16051097,10
16058942,4
160627223,16
160814129,29
160950171,189
16097869,11
16100281,2
16101203,1
16104797,2
161374685,13
16146011,52
16156812,44
1615757065,6
1615807753,39
1615815655,42
16158180,69
1616437848,9
1618231380,134
161847537,2
161898253,3
16195600,1
162208416,98
1622318749,4
1623103590,8
16276903,19
16282038,8
1628333425,5
162911759,1
1629883442,17
16301271,5
1630516352,10
1631047117,2
163181705,12
16321230,21
163219408,6
16323999,38
163252373,16
16345805,62
1635490405,8
163563968,50
1636463888,58
16365869,57
16374987,128
163760268,4
163792204,11
164053151,120
16408837,6
164114642,11
16416221,9
1642125253,13
16425804,1
164352895,9
164358556,3
164396859,21
16442130,15
164444127,12
16451962,9
1645894188,31
16461529,46
16467038,17
1647366764,25
16477864,187
1647838279,1
164793148,45
1648229924,6
16484268,2
164849846,2
1650259986,13
16505898,4
1650851287,1
16522086,5
1653254274,27
1653654824,13
1654032780,2
16560724,6
16571713,1
165757311,24
16581663,2
1658370434,1
16587849,29
16594753,1
16608299,69
16617657,31
1663241,15
16655893,88
1666380902,18
1666588975,13
16667499,2
16693700,5
166942901,16
16694609,4
1669477038,5
1670278411,12
167070059,1
1670902788,1
167387180,14
1673948174,70
167425926,3
1676975887,4
167728631,3
167792530,1
167827989,6
1679888852,4
16802124,4
168092701,2
1681154156,1
1681376186,80
16814396,13
1682786940,12
1683192854,1
1684329996,2
1685220078,19
168626891,42
168853895,21
168892942,69
16898765,5
16910401,62
169156812,82
169183967,35
1694177371,2
1694586120,10
169524495,1
16971024,154
169748384,4
169784679,3
169937610,2
170601133,2
17071545,21
17073333,2
170769604,41
1707708762,18
17102538,43
17108371,2
17116626,1
171203428,37
171215009,77
171250185,21
1712797218,68
17132021,1
1713406862,1
1714399117,11
171471462,22
171528930,8
17158209,2
17164399,6
17170708,4
1718956069,5
17198762,3
17199723,1
17203559,4
17206836,6
17211048,85
1723180956,23
172540484,1
1725580490,3
1727050764,2
172883607,6
172888946,38
1729550053,1
17302053,15
17311375,2
1732404018,1
173266822,1
173680735,66
17384669,23
173907042,3
17400821,60
174080087,16
174293260,15
17433024,30
17434239,2
17439850,7
174420918,5
17449406,99
174527836,68
17469327,1
174808572,18
174980302,3
17514766,28
17515707,45
175223398,1
175272235,4
17528619,22
175379551,5
17541229,5
17544352,18
175546434,62
17574553,1
17586506,22
175868179,102
17588316,18
17595118,50
176027256,1
17602760,32
17605248,1
176080282,178
17635231,6
17635305,2
17643237,1
176433100,15
17651958,5
17666945,5
17677024,90
176844335,160
176891442,5
17689644,7
176976124,3
177009047,37
17752238,65
177590751,1
17762323,2
17765255,5
17769102,109
17779397,2
17781725,96
17788753,14
178008968,8
17840603,10
17844095,56
17864328,71
179004242,2
17909431,13
17930050,1
17930434,2
179562265,2
17967221,1
17967305,5
179700414,13
17972493,8
17981120,39
180061764,171
180161475,5
180164935,8
180275753,2
18032084,2
18042740,12
18047290,75
18051372,7
18055424,19
18058553,53
180755998,20
18091909,1
180972928,24
181098736,187
181128355,1
181154882,7
18137514,27
181532097,14
181682439,56
18179693,5
18181155,2
18186544,3
18195635,6
18204208,3
18213388,1
182198039,24
182320806,2
18244970,48
182612202,3
182643308,10
18281806,13
18285465,1
182960658,1
183013792,6
18311274,7
18317110,3
1832273389,11
1832806104,54
18334057,132
18337353,76
18348378,2
18356824,4
18367474,15
18372648,5
1837623115,9
18384885,1
183996343,6
18419778,2
18422281,3
184324500,2
18434866,6
18435340,26
184359353,17
184482586,2
184526908,13
184542303,48
184581905,5
184591585,1
18470163,8
1848703586,10
18528440,8
1853562709,36
185357325,59
18538633,3
18542300,26
1854559002,20
185597785,106
18564673,3
1856932693,27
1857241987,10
1860790538,1
186171092,4
186189754,2
186242068,86
18625709,2
18639473,47
18652980,41
186553267,4
18664300,7
18672463,8
18673283,3
18675226,4
18700974,118
187112762,18
187161611,4
18745629,178
18756916,2
187591957,31
1877491922,8
18789578,4
18789809,31
18792389,27
187970322,3
18828125,93
188406583,4
188590296,1
188618001,16
18864699,17
18868844,16
188817535,3
188867568,2
1889353128,2
18898886,54
189223826,9
18924768,2
189250947,31
18931621,6
18933788,70
18951380,3
18962487,1
1897074811,17
189826543,3
19016723,23
19019320,5
190472396,5
190501869,26
19057718,5
190634913,3
19065284,11
190734845,38
190820801,9
190858153,3
190929576,4
191044973,1
19127156,2
19141624,42
1917117842,23
192028236,1
192125845,17
1921835150,30
1921863961,6
19245479,10
19245742,11
1926208075,2
192657392,1
1927115359,29
1928034900,25
19286164,43
1928732472,1
192926537,50
1929638436,43
193026608,50
1930773792,30
19313001,6
19325765,15
193379734,91
193395792,5
19363099,2
193718053,48
19394068,34
19408676,38
1941653875,95
194385396,44
1944753756,32
19449612,1
1945276753,2
1945414915,7
19455183,39
194611488,15
19462793,7
194753173,22
1949038878,118
194955530,1
1949980158,8
195080930,5
19513935,14
19534229,1
195372355,33
19540051,4
19548282,6
1955692094,8
1955839272,7
19580679,134
19584341,58
1958472091,11
195863644,2
19592338,5
195967513,6
196163803,5
196259324,7
196271958,5
196306452,9
196320353,2
196355776,10
1964675683,8
1965074360,35
1965586860,1
1966057015,2
1968991194,1
19697407,16
19710571,1
197117498,6
1972166641,2
19728241,194
1973229182,1
19736732,29
197386952,23
197498568,21
1975464445,21
197548967,2
197566382,1
1976570736,4
19774192,3
19815076,1
198294632,1
198586458,9
19893577,13
19899154,1
19910165,1
19928503,19
19952930,14
19963007,25
19974892,80
199836480,4
199839099,1
200001994,33
20004871,3
20021972,18
200246737,34
200315656,2
20059835,31
20063514,2
20072755,2
20111425,83
20114928,3
201340985,1
20135159,2
201456199,9
20180585,1
201967487,4
202266641,2
202505990,3
20271835,2
20275411,12
20278277,1
202825030,2
202934060,114
203035869,16
20315763,2
20318737,66
203429616,17
20368683,33
203751233,12
20377968,3
203917568,2
20400636,2
20407622,26
20411584,3
204286742,29
204373961,15
204499789,181
20481864,43
20485510,4
205019245,77
20509109,1
205212124,3
20525211,4
205391146,10
20541168,35
20548285,1
205594831,10
20571241,4
205830875,41
20585968,18
20586669,4
20638122,4
20645090,108
206809960,7
206811711,2
206822866,7
20684974,80
207067837,1
20708062,15
20710253,3
207234669,16
20741153,15
207456667,5
20745969,11
207512903,5
20763321,91
207698838,47
20787079,2
207982900,14
20814176,1
20819420,13
20829223,8
208633416,28
208653204,193
20879702,165
20903095,6
20925436,55
20929379,13
209323246,1
20954257,4
20959178,1
209725717,1
20977910,58
20987308,8
210161770,5
21036150,4
210467055,36
21057589,4
210875590,13
2110061,2
211240890,3
211260739,12
21129564,4
21137259,30
211488110,36
21165648,11
211789036,2
21183099,8
211989425,41
21212152,1
21226695,31
212289126,29
21245955,43
21319498,98
213266261,27
21330441,6
213325905,22
21341718,6
213435150,1
213464386,10
21355539,17
213765161,2
21425813,4
21430939,16
214579521,9
214604394,14
214917943,57
21492643,23
21493917,1
21495118,1
2149928972,135
215079792,49
2150990400,36
215232024,43
21531060,6
215482765,6
215515772,21
215568558,3
21557833,3
21570165,2
21572571,8
2157420143,14
216065115,12
21613750,8
2161400485,1
216140813,110
2162380118,2
216291038,2
216533408,1
2166226860,6
216839232,21
21690041,1
2169386000,1
217162938,12
217267154,7
217295376,2
2174554782,32
2176572582,33
21770440,5
2177191734,35
2177294882,1
2178729079,2
217885134,6
217999110,1
21810475,4
2181465986,8
21819201,12
2183541546,1
2183644116,7
2183998248,2
218450610,4
21847265,6
2185489153,4
218557542,68
218587998,3
21880647,9
2188329288,2
219058293,36
21906345,1
219151799,4
21936822,2
2194294152,23
21949882,9
219539891,2
2196798516,10
2196845346,22
219684932,1
21977171,19
219839029,5
2199424799,1
2199855986,19
2200016238,17
2201996724,1
220234509,24
220343928,1
220580081,27
220682850,1
2208039792,45
220911294,1
22091589,7
2210396497,3
2212167762,18
221224451,3
22126173,10
22131249,23
22140595,37
221455717,14
221486343,86
22173618,15
2217706159,8
221778837,1
221854511,2
221880012,3
221887806,6
22199352,1
2220884870,1
222100800,111
22213117,20
222139190,35
22220188,3
2223397806,9
2223708176,1
2223887827,19
222397706,7
2224606008,19
22253741,4
22258624,10
22260330,3
2227201987,2
2227395110,171
222763649,14
222852382,56
22287139,16
22292498,62
222985548,8
2229900499,6
223001216,7
223026903,2
2231791430,3
2231832522,1
2233117495,1
22349465,3
223691573,4
2237583037,9
223863484,12
22387199,15
2239120548,3
22398216,15
2241521923,2
2242660080,14
2243087142,134
22431888,16
224345255,47
22434845,2
22435994,8
2243658653,22
2244754674,11
224494606,21
224552212,7
2246948744,3
224926930,13
224964008,33
225023735,1
225168894,4
2252057989,11
22524236,60
2252528478,5
22540363,7
22544294,170
225449783,66
2255492474,6
225576081,9
2256507744,2
2256615173,1
22578352,1
22595217,1
22599438,1
226018314,2
226019031,1
226074681,2
226139024,2
2261534754,22
2262975656,8
22650238,18
22654227,3
2265967296,2
22661239,5
2266465273,8
226741371,32
2268077366,21
226912225,192
227033263,4
2271682561,23
22731387,2
2273286265,73
2273318786,19
2273933479,1
227393945,14
227492857,13
2275326397,56
2275333496,30
22758701,2
227589920,43
2276174149,26
2276361104,34
227751381,3
22776113,5
227828942,1
2278544149,20
2279153556,3
227953011,6
2279669082,8
2279893921,3
22801843,69
228071771,3
22823127,31
228314861,14
2285526248,7
22861628,2
228824633,20
2288811595,3
2289630060,1
229136785,1
2292183534,24
229225087,15
22954331,22
2298673202,1
2299107709,2
2300669082,1
230238838,1
2302871755,10
2303733337,2
2304006037,3
23052338,8
23055835,18
2306446128,1
230804912,4
23093329,24
23109149,3
231169266,22
2312480857,16
231443786,6
23177230,4
2318590914,1
2318684832,5
231910059,64
2319629305,5
2319892902,1
23220777,2
232283915,54
232312887,7
23245517,1
23248098,4
232514725,10
232518817,3
2327058012,8
2328988878,13
2329180233,7
2329301569,2
2329568034,9
2329623932,24
233062389,5
23311256,10
233150867,2
2332007715,2
2332231974,3
2332241029,76
233364023,25
23343725,8
23346960,16
23354542,1
2335653218,5
233680335,1
2337413070,10
2338228284,61
2338804957,9
23408978,6
234120872,6
234141323,4
2344075176,2
23440887,4
2344118911,17
234597794,1
2346691141,10
2347648052,1
2347767315,1
2348856408,10
2349098781,41
23497654,36
2350064437,1
235109325,46
2351697782,61
235261790,1
2353438092,88
23535882,6
23538424,124
23554763,5
23563555,18
2357252307,14
2357591761,18
2358674772,6
2358824755,3
23600026,7
236114139,18
2361482665,9
2361708067,20
2361770244,5
2362063548,3
23624971,13
2364620773,4
2365833860,1
236644153,3
2367772060,4
23679485,17
23682373,7
2370634764,23
237096203,7
2371717898,2
2372226787,26
23725188,123
237376975,9
23745622,29
2375741376,27
2376327001,38
2376900984,6
2377660939,4
23778212,1
2380290878,2
2380940335,1
238118455,23
2381335604,7
238178896,1
2382348522,6
2382580831,12
238270935,43
2383787900,1
238398215,46
238509228,1
2385618558,9
238657781,20
23880655,8
2388906577,30
238914934,4
23898681,5
239084837,16
239265240,25
2393126580,1
239477540,20
2395377486,24
239549650,4
239569252,11
2395710054,3
2397067693,5
239855072,1
23988033,22
239949313,28
23999174,16
240036939,16
240273212,14
240315355,2
24073838,30
240854310,4
24092133,3
241100117,3
2411031314,5
2411692628,33
2414725952,2
241476610,7
2416538733,2
24179330,3
2417978094,4
24181570,63
24219191,15
24245919,27
2424693126,5
24250608,1
24273049,19
2430172440,63
2430509718,3
2430779784,1
2431395606,14
243248673,129
243308232,11
2434504987,1
243550172,21
24355761,19
2438537600,1
2438872170,1
2439153277,3
2440026824,1
24405950,92
244185001,37
244294989,6
244361273,6
2444050454,9
24440952,2
24441313,1
244479885,74
244500274,5
24451386,16
244656721,16
244686207,1
244717806,18
24485375,3
244863807,13
24492172,9
245004541,5
24527301,1
24547328,1
24553792,12
245540062,3
245645878,2
2456593267,14
245815863,4
2458680842,6
2459340186,43
245948658,6
24610175,101
2462030685,21
246213364,2
2462194530,22
246367343,2
24640360,5
246534869,55
246587373,29
2466700728,24
24670481,1
24672485,23
24674493,6
2470881858,15
2471638572,23
24720880,6
2473021844,1
247401664,10
2474186354,2
247444044,8
247551096,2
247867683,4
247962131,11
24827935,1
248364458,1
2484032498,5
24848492,2
248533265,2
2485967024,13
24876450,28
2487657298,2
2489208236,16
2489739710,10
2490357524,5
2490387355,17
2491786560,37
249391861,2
249412585,7
2494242920,2
2494697113,17
24947713,45
24960380,133
24965947,11
249779708,16
24981951,27
24989752,6
25016228,4
250210034,1
250279654,6
2503257690,1
25052440,73
2506907612,17
25079542,105
2508119756,2
250908667,2
25106185,1
251463198,32
25151999,8
251643448,3
25171329,86
251728422,19
2517967850,3
251949170,42
2520233793,3
25206315,1
252106072,8
252557492,30
252913910,5
253175388,13
2532404185,7
25354125,17
2536036823,18
2536494163,111
2537701417,1
254097690,6
254227690,7
2542459584,2
2544444284,12
25460279,14
2546222929,12
254659352,2
25473875,10
2547426278,5
254786908,2
254827435,24
254922531,1
254956065,2
25502778,6
2550743473,12
2553158894,7
2554112924,22
25549818,98
255557926,4
25569870,1
255800575,32
255832971,9
256113474,15
256156436,1
256326641,1
2563533888,5
256560918,12
25665850,64
2567090737,8
256730182,6
256744501,100
2567743674,41
256802857,142
2569662734,4
25699040,1
2570623471,6
257366953,9
257575440,16
2576686993,1
2576840077,1
257730003,4
2579035807,39
257975856,3
258181317,126
25821612,9
25829051,3
2583740150,3
2584102600,2
25842056,4
25842905,118
2584523641,15
2585981094,4
25894541,1
2591258660,4
2591400138,3
259175930,101
25923331,2
25933388,1
259407179,1
259545814,6
2595481,5
259575172,1
259664479,6
2596666182,3
259703840,1
259722498,35
259885551,22
26028388,4
260346965,113
260417221,11
260595615,7
2606023950,5
260626355,23
260772384,15
260799675,38
2608570069,8
260891885,4
260949742,1
26104510,25
261082206,2
26114491,7
261286447,44
26129382,1
261310438,112
261319412,11
261345498,13
261538957,61
261866916,9
261874117,1
262057816,11
262099823,2
26212176,1
262167799,7
262222235,1
262619738,1
262661349,1
2627099190,4
2627379383,1
2627425605,4
26291923,5
263072304,10
26311269,1
263267532,12
26341854,3
263770969,6
263988122,177
264001889,8
264356647,22
26486122,1
26494313,8
26528741,17
26542525,32
265545351,1
265571283,11
2655884246,3
26562378,1
265667371,17
265668765,2
2657047291,6
265933214,9
266148603,3
2661857786,6
26639689,12
2665863253,1
26663533,1
266711002,2
266826628,8
26707129,2
26742944,5
26775634,24
26781633,32
267825414,3
26790412,3
26792707,4
267937792,15
26802416,5
2683744734,2
268397197,27
268399946,5
268765124,4
2688933146,4
2689919448,3
26922658,84
26923826,12
269480451,3
269509134,38
26965848,1
2697060163,4
2697751,2
2698353056,7
26995238,18
2699867936,8
26999020,5
27025382,10
27035490,1
27038590,54
270439965,37
2705834911,10
270715575,18
2707600219,14
27083114,17
2708343194,19
27105477,1
27117326,4
27118006,5
271266112,5
2712798361,15
2713642341,33
271374789,29
271400915,15
271412514,2
271471343,2
27151130,6
271549050,15
2718249085,11
271846979,5
2718554166,3
2719072434,1
27192832,44
2720282948,2
2722643924,6
27226844,20
2724877154,3
2725151297,1
27256823,41
27257734,8
27274535,4
2729309263,2
27294256,21
2731768864,39
2733316807,2
273348259,114
27335839,3
27347664,3
27352833,7
273540187,1
27357279,3
2737636123,13
274011697,2
274055263,3
2740896777,42
2741222433,1
274292108,15
2743018365,4
274303521,2
2744568542,1
27446896,1
2745741379,1
274635431,8
274674094,24
2748554100,8
274898113,91
2750030777,4
2751629628,6
27522059,5
275239908,8
275489054,1
275493918,14
2755327857,5
2755516655,8
27579655,132
27590401,17
276051545,1
27611383,1
276120009,2
276223929,34
2763407456,7
2768941,3
27696302,12
277078880,9
277108507,89
277141693,10
277255951,38
2772683084,1
27729787,15
27732648,9
277460051,6
2775969027,1
277600690,7
27770333,16
277816832,19
277915571,13
2780176268,2
2781147234,13
278323530,14
27839209,8
278410070,5
278484396,3
2785412527,13
278563430,2
278591427,9
278750408,2
2790110739,1
2790392564,2
279322936,106
279624824,13
2797935886,2
27993814,5
280607332,11
28071797,62
280732982,1
2810920579,3
281498239,2
281584577,13
28166768,35
281758253,3
281762322,7
281836873,2
2820025223,1
282014462,3
282112789,5
28212414,6
282192380,18
28232732,36
282353094,9
28252061,13
28254495,1
282613214,9
282632845,1
282933171,1
28293836,7
283073251,43
2831822664,8
283237089,1
283294541,4
28350577,1
28389928,4
28411041,131
284177269,1
28444432,24
28455233,1
284876673,5
28493706,3
285154191,113
285597345,33
285733460,16
285864595,2
285918581,5
285949313,10
28596563,4
28613126,7
286524241,1
28655721,20
28668049,8
286761569,6
287335658,5
287386319,28
287533880,5
287736400,4
287796935,1
288240711,5
288269725,1
288723062,2
28904717,4
28905213,11
289271971,5
28949875,8
289587813,2
290744035,7
29094302,26
291407424,77
29216533,66
29243378,71
29252217,22
29265559,94
292892708,1
292998881,42
293176981,6
29317757,79
293213489,10
293225471,103
29354232,4
293774359,6
293869812,49
293936707,63
294271336,3
2943061,14
294361960,54
29454074,16
294625825,8
29473040,62
29518254,43
295375349,49
295515641,43
29573338,6
295853621,4
29591692,33
295984433,7
296207724,25
296227726,1
296264216,43
296418518,8
29681799,30
296819497,41
29728408,88
29728698,5
297454577,17
29801869,24
298031818,24
298052629,3
298122315,26
29858843,56
29868985,1
298851648,1
29907098,105
299693061,2
299837118,13
29989585,4
299925831,21
300045207,10
30028873,69
300313499,1
300434821,5
300465093,1
30057938,173
30062137,22
300743681,2
30082241,37
301025768,15
301103044,10
301142149,36
301612859,3
301619492,50
301660843,63
302019414,28
302070765,14
302341359,6
302397703,21
302818148,4
302818369,123
302884280,5
302927598,6
30298537,61
30299910,59
30303316,24
30334505,5
303696340,8
30370525,15
30383427,11
30390155,13
30390325,3
30404841,13
304253490,1
304351861,1
30458714,6
304701605,3
304736460,22
304752912,4
304815857,13
304816387,39
305001025,11
30501584,5
305116426,90
305245610,3
305729143,8
30614087,2
306238535,36
306813850,76
30689946,2
306918670,4
307056554,31
30734528,137
307450772,1
307548355,23
307639759,2
307644432,1
307688226,2
30808863,14
30826681,28
308484421,13
308618452,101
308654722,7
308901780,1
30949251,13
309867969,72
30990068,5
31008943,1
310268675,1
310380844,2
311179034,6
31126365,5
31140968,46
311523700,19
311609048,93
311738530,4
311953365,13
312380879,19
312418482,135
312597656,30
31265062,66
313370079,115
31394827,118
313966492,1
31418909,17
31419268,126
31420782,1
31455485,5
314764848,2
31488246,33
31541276,11
31606089,186
31618534,17
316263415,59
316650204,18
31721768,1
31730149,53
317817325,34
318390289,6
318464590,8
318659261,7
318695838,12
318703244,23
318721796,85
318968035,7
320006148,32
320354766,10
320591586,1
32129423,25
321430898,1
321476001,4
321487257,19
32159952,1
32184874,9
32185794,1
321994642,21
322025172,67
322121021,69
322513988,169
322672757,1
323137822,1
323275133,2
32341660,1
32346738,10
32348693,11
323527734,11
323634604,14
323676827,7
32378348,1
323850449,2
323965931,20
32412560,19
32516536,7
326099014,2
326307831,10
326343835,16
32655179,52
326668026,6
32686431,31
326971758,2
327121750,1
32715715,1
32737104,2
327486749,1
327654517,14
327701507,1
32777506,1
327791976,57
328118303,2
328172137,8
328523415,12
329119088,9
32914427,1
329308478,6
329338098,47
32984763,50
329894833,107
329915991,3
33008607,1
33034476,92
330570659,159
33120270,61
33120463,12
33174306,11
331840719,2
332154321,1
332272738,2
333101500,12
33358193,39
334441479,1
334907360,42
33514622,9
33545454,5
335600345,1
335706614,32
33586342,3
33590010,1
336150382,4
336665134,8
33786288,3
337889910,7
338616637,21
338681303,61
338869157,36
33905693,28
339123960,1
339687349,76
339903862,1
340520907,18
340799113,35
341105794,14
341164903,121
34120799,20
34137451,3
341431851,1
34152383,3
341661484,9
34258680,1
34264615,2
34267586,3
34288195,1
343032197,22
343359657,10
34341362,2
344104969,62
344737296,20
344818740,22
34484903,11
344880556,5
345042600,28
345099129,4
345522109,75
34554366,16
345938647,24
345998853,6
34602538,25
346068019,49
346090291,1
346095452,4
346230733,4
346264070,49
346340843,1
346412704,2
346585573,9
347490587,2
347557607,1
347562604,18
347685287,1
347854165,35
347855825,16
347861136,3
34817405,151
348550918,3
348778907,1
349156795,4
35053364,38
350972541,5
351076671,73
351089792,9
35142361,61
35159671,4
351613320,13
351751923,3
351815223,2
351876751,6
35192373,2
352023350,4
352550449,7
352746701,5
352889841,1
35310456,13
353172911,2
353358242,60
353440700,120
353675132,3
353680443,2
35377374,12
353817102,6
35384861,116
354032569,130
354301451,17
354453717,2
354849938,2
35497930,94
35529439,1
355469262,30
355521123,12
355582162,10
35558372,2
35565260,163
356235892,1
356264768,12
35627170,10
356316655,14
356365887,16
356617529,5
356918713,1
35698156,2
357213369,19
357273174,3
35735535,21
357670664,14
357844644,18
357888645,5
35795173,11
35914365,40
360415131,1
36049433,5
360731103,4
360768688,16
361267798,152
362034595,22
362239553,4
36268991,4
36349571,49
36388837,21
36437958,23
36442545,2
364502076,37
364597947,1
364766784,11
36499613,21
365023929,1
36514385,3
36520463,179
365296303,78
36550558,37
36580815,2
365846509,1
36609028,1
36627912,61
366559590,1
366630798,1
36684791,5
366907843,8
367288905,22
36754003,31
367824111,23
368046128,5
36809407,76
368136043,21
368359426,3
36867689,2
36914812,7
369357967,24
37069816,19
370967838,146
370988766,10
37143469,6
371457435,4
37155758,17
372466733,13
37254947,9
373050131,2
373064145,30
373094838,2
373106861,2
373614185,21
37391386,2
37405326,13
374107319,9
374385352,1
374530548,16
374685054,78
374694561,2
37483051,39
374944016,31
374955410,9
375197314,85
37564380,28
37600084,6
376004142,2
376561091,4
376741110,1
377355526,8
377463409,20
377596980,12
37776732,1
37777568,62
377783552,7
37813821,2
378159887,14
378226153,1
378419565,16
37883116,4
37902259,8
38020923,1
380442773,24
381134874,7
381226793,6
381488972,3
38160029,11
381714530,1
381851150,65
38194087,42
381990630,31
38203906,46
382066743,2
38234517,21
382534892,2
38259256,3
382841221,26
382922749,1
383010323,27
383687120,7
384267058,3
384662240,7
384727967,24
384827870,27
38531941,14
385354087,19
38570444,47
38594131,22
386022903,14
386149011,32
386189284,50
38632706,3
38634335,8
386852735,20
386959857,5
38699709,26
38717417,2
38735362,17
38746751,139
387654596,167
388021234,23
388030934,14
388279356,8
388461916,4
389327830,1
38958144,1
389650434,22
38985193,6
39033701,1
390676745,13
39114246,1
391262995,21
39144760,41
39206565,9
39282194,5
39286986,59
39307863,148
393209532,24
39342283,22
39394527,5
39415334,1
39416561,2
394277357,1
39433710,8
394756400,198
394764347,3
394787929,14
39489289,3
394965842,1
39500070,2
39511467,38
395367994,18
395498552,5
39584874,1
397058358,68
397765588,2
39790059,32
39798200,9
39806587,2
398184908,8
398389411,45
398686995,62
398710122,1
398860159,3
398875253,31
39899866,5
399149857,14
39929123,21
39932908,103
399585400,4
399712214,3
39973596,34
399793178,14
399916349,8
40007826,50
400142062,2
400154146,3
40030405,78
40057789,3
400612628,27
400627607,40
400954276,3
40108440,1
40138554,1
40180051,9
401963396,2
40234324,2
402754802,28
40299150,3
40319959,13
40340989,16
40368526,67
40394697,4
404210287,3
40441101,10
404567542,10
40526870,10
405476051,1
405632326,4
405635909,76
405671898,37
405766946,4
40611036,34
40659047,24
406833945,3
40691517,27
40693061,5
407040351,8
407141498,1
407485747,69
40758371,25
408324430,14
40836559,7
408968114,7
409012965,4
409159118,6
40932559,3
409402580,21
40969269,115
409822772,20
41034253,4
41074221,6
41102723,14
411533831,5
41161462,79
411824428,5
41191083,2
412005320,2
41286167,10
41293344,7
413072357,3
413594595,4
41370136,2
41377313,1
41383756,76
41405261,14
414119436,1
414382497,29
414522513,69
41484536,3
414877468,12
414968859,26
41545880,5
415804714,2
41654609,56
41738343,41
41763227,1
41779238,25
418002650,3
418031172,33
418079269,13
418081947,31
418155199,2
41918025,35
41999564,21
42033301,8
42082652,34
420844941,3
42136764,6
422036921,2
42215867,77
422318260,11
422414776,4
422541286,29
42303269,3
42312430,34
423205426,2
42337884,3
423426097,3
423773318,1
423856090,75
423919162,112
423939084,56
424515158,1
42498840,1
425162617,2
425338418,3
42580764,2
42593426,9
42608018,36
426114969,18
42630492,4
42672238,1
42768321,10
42845786,73
428502742,10
42866355,14
429029626,8
429118523,46
429202061,1
42964075,29
429969646,25
429983581,33
43012401,12
430510690,13
430624150,4
43067230,31
43069763,16
430731632,10
431041003,11
431056407,14
43133293,1
431427098,23
431867936,6
43198414,7
43214077,17
43236663,2
432637731,28
43332832,1
433627237,30
433983456,51
434608150,5
43504629,2
435052746,24
435204896,40
43612033,8
43656642,5
43666125,1
436817703,5
436836550,3
436928862,1
437122207,11
43850788,24
43866572,8
439338916,21
43945799,2
439786705,5
440647376,16
440795377,5
441150250,45
441404007,20
442572254,22
442783329,3
4428581,11
44307362,118
443276010,51
44331328,1
44344406,5
443471997,65
44360158,7
44360785,23
44421165,5
44461781,3
44471430,26
445161879,12
44575814,19
44595989,5
44823280,4
448276322,3
448617622,3
449099460,7
449124692,5
449126989,4
449290691,131
449314518,85
44942292,36
44952715,11
449553573,1
450953136,9
45096173,8
451516267,2
45153432,1
45205564,1
45224098,69
452264583,22
452304057,9
45237427,27
45265947,5
45353383,24
453882428,27
45392043,18
454397646,2
45450889,2
454805362,1
45483590,4
455019005,196
45508800,1
455398101,8
45563092,66
455967014,6
456365328,18
45636808,5
456819295,3
457067657,4
45727837,10
457967654,30
457971574,3
459031404,41
45961232,98
460160385,7
46110163,3
4622491,11
46273179,56
462810903,3
462933014,26
462994130,7
46302073,20
463037208,60
463041344,8
463092252,6
46335313,27
46346084,5
463865309,39
464047063,5
464526846,32
465311716,4
465971026,7
466031924,24
466539861,11
466800965,1
466844311,10
467118909,1
467650172,6
46794755,2
468323301,3
468480284,36
46852928,3
46865718,133
46881080,4
46994868,3
47015702,35
47053751,15
47071930,33
47077108,5
47099999,45
471065112,10
47114361,2
471236610,2
47124806,15
47135830,14
47136699,26
47183209,3
47206740,5
47246434,31
472774655,4
47311377,17
473591884,3
47406343,3
47413607,123
47415773,48
47476428,1
474778090,3
47509752,8
47515984,2
475244944,6
475461255,1
475711499,24
475902878,3
47593965,66
476842804,11
47717982,2
477308924,5
47740370,4
477571477,3
477935592,4
478116907,3
478454944,34
47848161,3
47890656,21
47899238,5
479018435,137
479663938,47
480308580,11
480353376,30
48058823,5
480589248,12
480728001,5
480763269,1
48084536,1
48116560,139
481355897,37
48146870,14
481546212,6
482012053,29
482054137,1
48206722,6
48271973,8
482933996,10
48325104,1
48336447,19
483433924,101
48347740,5
484153678,1
48419938,17
48421626,1
48429697,57
484373716,37
48446259,42
484705865,1
485002805,3
48518091,21
485261446,87
48577916,20
485861775,3
486800682,41
486875693,1
487094964,20
487120679,7
48715357,1
48721243,10
48744604,1
487836300,36
48801373,21
48832168,13
488755819,6
489734264,141
489788389,34
48979100,17
48984172,18
489909554,26
489936150,20
49047783,1
491000181,1
49144847,10
49193351,10
49196387,3
49347915,84
493898027,6
494463146,21
49495352,1
494977189,9
495276570,9
495362139,20
495520573,15
49576598,112
49631841,26
496373935,63
496685209,14
496701355,8
497348564,26
49780025,12
498350392,7
498376525,1
49854905,6
49864549,27
499015299,62
49907806,3
499282648,10
499696351,13
500750511,53
501025634,4
501042759,75
501132889,46
501208238,7
501318905,15
502043270,1
503778726,2
503933299,9
50414784,20
50421238,7
50423,22
50438695,4
50465415,14
505366453,35
50608231,3
506882730,20
50699507,14
50734454,13
507790556,17
507822380,19
507874060,2
507996894,15
50807044,8
508797073,119
50919109,26
509250164,1
50967793,1
50969676,1
51019610,4
510581201,140
511790669,1
51197940,1
512081506,6
51211273,13
512699324,3
512780980,4
51323246,1
51374804,1
513913501,34
51420253,8
514629255,18
51478228,20
514853587,18
515249005,16
515969854,140
51623210,16
51642492,2
51648715,13
516889330,10
51741636,38
517798571,3
51786175,19
518086272,4
5184691,2
518683165,13
519047070,2
520522726,24
52156385,25
522699600,5
523376270,3
52373206,3
523952517,4
5250161,1
525030945,5
525461021,9
52559550,1
525715595,85
525754005,65
52687594,2
527121321,2
527764674,2
52802880,2
528051007,25
528299526,1
52858215,14
528663227,51
53051413,1
531591570,3
531772834,29
53178706,57
532125395,103
532318078,14
532677435,62
532826569,49
53412785,2
53439935,3
53442486,3
534533688,47
534544009,2
53509222,10
53550551,39
536747126,2
53709971,47
537104702,1
53801472,1
538399781,3
538559432,132
538987120,11
539534727,6
54048828,10
5407912,72
542252925,13
542371076,7
542617119,3
54290459,3
542990644,24
543855931,158
543881264,16
543895756,7
543897986,12
544004945,18
54405052,60
54424158,6
54434297,81
54446756,5
544870035,25
544923143,20
54492682,5
545041139,1
545396595,13
545514287,19
545647920,5
545656708,28
546063516,83
546876652,3
54697633,3
547575476,5
547637189,13
547778872,24
54901403,3
54963560,1
55113043,1
55165732,3
551762931,6
552231538,19
552381456,6
55450371,3
5550502,2
555159630,3
555711949,12
55609506,39
556367159,2
55638431,24
5572802,2
558185944,4
55819094,8
558507987,100
55908595,1
560708517,34
56121138,34
56140466,1
561415461,4
562291920,21
56270939,1
563070618,22
563618498,42
56362125,12
563883782,88
563913038,14
564152378,28
56435672,4
5652002,1
56542652,12
566564293,4
56665439,6
566858926,3
567507663,11
567965702,4
568936120,14
570228614,1
570692966,3
570858436,3
570872662,17
571217748,36
57268153,4
57317134,19
57321242,10
573719694,22
573951106,3
57423672,2
57453496,7
575444529,2
575681048,23
575847627,28
576110991,18
576596696,27
577164604,10
57773524,1
57813562,20
578178534,19
57877111,1
579246287,36
579777736,8
580132279,3
580882575,7
58190541,2
58209864,3
582566764,71
58278968,1
58282781,23
58300064,33
58364005,34
584348411,43
584627213,1
58468056,18
58469469,9
58584108,7
586648241,13
58672871,26
58690497,10
586950103,10
58703934,17
58735771,1
587736923,13
58788731,1
587912096,10
588004007,15
58839869,11
589227080,36
58930464,20
590005357,9
590285983,126
59141885,9
59165694,30
592340620,4
592572963,26
59261277,107
593224879,6
593235662,7
593319122,33
594952778,13
59526405,107
595705181,7
5958002,13
596396054,5
59643698,2
596518093,1
59738775,2
597618378,17
5978122,1
5979562,12
5985682,1
59937062,3
599456478,22
59960634,3
600107290,113
601311428,62
601408495,3
60195726,33
602329445,8
602998730,58
60343478,2
603563062,2
604022279,16
604064283,20
60406993,6
605031229,56
605545439,20
60575013,4
605939989,3
606190357,4
60673874,3
607209642,8
607758655,9
607964522,8
608372027,6
6085582,14
60868968,10
609906875,3
610297255,41
6114122,1
611802691,14
61186090,3
612003972,55
61239587,1
613450985,11
6144932,4
61463944,2
614721039,4
615157609,7
61524651,14
615371911,43
615519506,7
616134185,2
61722805,1
617253199,2
617297668,8
617357797,9
617768127,32
618396420,3
61859634,3
618916960,15
61908561,3
619258369,5
619592590,38
61981143,6
6203832,1
62058470,2
62072869,2
620921043,21
62115351,1
62152289,28
62188477,2
622211555,45
62299027,3
62336694,21
6238032,1
623916538,6
62391754,31
62402354,7
624528889,10
624868825,21
62688405,3
627349213,6
627790131,2
6279312,21
62821070,15
628416392,12
628697499,25
62924058,2
629328472,12
62989416,31
63003598,4
630743387,3
63143221,2
63156660,2
63168225,15
63179964,8
631834389,16
63241091,3
632446702,59
632856658,4
632870808,14
633212690,15
633308023,17
633479605,6
634102421,5
634670600,19
63478098,2
635000327,68
63576650,27
636453996,19
636604474,6
636696580,1
6369782,6
63744158,96
63925065,7
63989005,8
64166068,7
64421505,26
64505304,66
64588252,3
64655425,1
64744897,4
64801933,186
64884247,1
64941678,3
65058054,3
65076895,80
65259503,3
65371207,1
65381103,175
65420263,44
65443128,63
65443528,1
65449634,2
65490169,3
65713917,1
65724449,29
65736683,1
65814882,8
6582002,2
65864359,2
65912423,59
65941150,32
65942617,39
66032079,116
66086487,51
66361399,3
66433386,7
66693668,1
66714426,28
66807460,4
66842278,11
66885241,1
66914598,34
66965904,31
67355008,2
6753232,31
67582951,15
67808019,27
67998830,42
68096688,60
68176813,67
68483984,5
68503734,15
68625841,9
68646499,1
68839434,14
69096485,3
69155652,5
69165449,4
69263211,2
69264691,13
69291870,6
6960792,8
69614331,3
69718766,138
69834333,4
69907753,4
69943520,2
700173019,15
700617303,18
70106284,1
70144048,19
70248802,11
70280207,35
70367943,1
70384264,10
70403209,2
704832505,61
70665261,2
706761949,4
706782992,16
70687605,28
707353975,29
7074622,3
70810751,7
708368058,67
709002030,2
709780088,18
71004543,11
71109247,28
71150473,72
71232075,3
713633083,1
714083347,63
71419802,6
714736196,1
71593271,1
716000720,30
716808308,2
717077724,3
717200268,6
71722302,23
71926264,38
7198022,11
720057492,58
720419846,18
720518766,26
72212676,74
722432826,175
72244054,6
72348547,3
72359680,23
72403688,10
7241022,42
72578147,170
72583,3
726559196,81
728392513,1
728755513,4
72908130,32
72972820,11
73167963,2
733688988,2
735579752,73
7358412,35
736386115,33
73959406,2
73965683,23
739761324,1
740129568,2
74102533,1
74216833,27
742665469,17
7431092,1
743456688,3
743672940,4
74433484,5
74532613,14
745579556,37
74563397,60
74605787,1
7470582,15
74740927,4
747442681,23
74881769,8
74939764,6
74945560,43
74954350,8
750087642,42
7501832,1
75132137,3
75161076,7
75221587,2
752720972,1
75296962,11
753060804,24
753239862,30
75414974,49
75423926,16
756257,18
756455814,35
75703754,2
758034,3
75809723,15
75844446,43
75940740,2
75949380,38
76047195,11
76081979,5
76090415,13
761658186,32
76168727,6
762063649,60
762299275,4
76331606,55
76360028,4
76458767,23
76531277,2
766251186,31
76747804,6
76776002,84
768251202,16
769495470,14
76979856,2
770428465,10
772461354,19
773012408,48
775885484,38
775970322,2
77663989,21
778281751,32
77868365,7
778873,1
778947301,49
77906067,17
779442930,34
78069269,1
781985323,12
782401164,10
782847,13
78311721,16
7845392,8
78491333,4
78514304,31
78546340,3
7856752,11
78591293,3
78689279,45
78842417,27
78887782,16
79062593,53
79081734,13
79083426,3
79142741,8
79174017,5
79218208,3
792818412,2
79336711,3
79356837,22
793936640,18
795372932,28
79546193,6
79616782,1
796545656,22
796741495,45
796927278,4
797373942,3
79797211,1
79828975,8
798672325,1
80283097,7
803518184,47
80371155,63
804680647,11
804725293,30
806126084,41
806816592,10
808164726,5
808758,2
809011225,20
809272938,5
80940411,2
809854658,55
81028966,10
8106132,21
81283959,3
813555354,2
813622266,1
81385602,16
814361778,7
814981298,2
81538753,3
81599896,22
81611901,2
816239336,1
818244594,3
819358,73
81963024,1
82042860,31
8206112,9
8206242,2
82180955,6
821879234,12
823029,1
824653122,1
82538702,40
82715038,16
82729937,53
828208507,1
82834952,32
82891877,9
829484790,1
829931215,1
83052847,13
832786272,3
83287180,1
83353770,52
83375519,11
83412259,5
834380359,6
83457844,35
83618989,21
83625010,1
83628076,3
836381780,5
83701679,5
83711402,51
83717777,43
83762672,5
83814771,4
8384092,14
838908474,1
83902798,31
840798536,32
84161150,30
842522850,6
843654678,11
844047937,49
8442502,2
84464716,24
84477291,17
84505874,4
845458812,8
847434626,23
847790568,24
848453509,11
84920411,47
849220140,1
84989108,22
8502692,31
850393074,17
85073514,27
851459863,32
85184799,5
85276547,23
85430858,72
85440312,10
85446307,9
85652082,3
85669287,4
85877924,5
85883612,24
859058090,16
8594972,4
85952202,1
859873668,2
85990165,6
860100121,23
860775901,37
8621282,6
862400677,2
86266606,1
86357968,53
863933462,1
8641972,3
864367868,9
865235743,79
86530681,47
86539957,20
86681146,10
86891874,10
869557412,2
86973111,49
87027081,2
8705722,14
87136959,1
872069036,1
87231870,2
872678089,5
87352948,6
88048648,6
881312929,17
881829060,2
88244836,1
882735756,31
88357739,4
88445363,1
884629992,17
88492761,6
884963658,3
885013063,28
88525223,2
88602390,107
887093911,115
887681334,18
889253731,1
88926564,13
88934393,132
88948779,1
889697736,1
889997798,4
890179466,3
89103973,19
891154472,14
891570152,43
89344244,1
893946030,21
893979054,2
89515258,3
89664539,24
89666584,26
89813906,2
89897213,2
89921902,2
90011633,31
9016452,25
90197231,38
902553362,1
90340284,11
90446176,13
90490211,108
90586977,47
9064102,1
90698994,39
90767469,5
90816736,2
909284586,24
90947092,10
90956932,3
91040514,23
910876357,1
91097771,9
91145973,2
91218019,8
912603810,3
91272396,54
91395070,16
9141382,32
91428918,4
9164722,9
9180542,1
919319714,10
919482661,49
919658930,74
919983878,13
92094951,5
922980936,4
92374875,17
925301407,10
92596111,1
9262312,59
926811,1
928231764,1
928501728,1
92869037,84
92901038,25
929428562,1
929557519,1
929750694,7
93230366,32
932614586,19
934934539,7
935364630,4
936590802,8
93710964,6
93873123,4
93897709,9
94079704,10
942000361,2
9425292,2
943048723,3
94587752,82
947203556,2
94745015,2
947708838,5
947746369,57
947758494,2
94823581,165
94847772,4
94867305,11
949335349,28
95040300,140
951172177,1
95165739,15
95170605,3
95329339,2
95337295,2
95375119,72
95559560,3
957137144,2
95883215,4
96042723,23
9607332,6
961302858,15
962047975,18
962894042,3
963421915,7
963451118,8
96370828,2
964212541,3
965866555,4
968080501,71
96852262,5
96904410,62
971258671,2
97197043,27
973936657,8
974530646,1
9757982,26
976736095,32
97717237,2
97724558,14
97728584,5
977320784,47
97812040,10
97889267,1
980567118,7
98136614,22
98170564,1
98247441,9
98277513,1
983007668,6
983857604,42
984039986,41
985153992,5
985653188,2
985705639,3
98818856,1
988815548,10
98892707,4
989401850,19
990474464,95
99156997,3
99188902,3
9925352,4
99309638,65
99318969,29
99348139,4
994148251,14
9943182,32
99479661,11
995044945,47
997692439,12
99840363,12
99848877,5
