1428457171,2004,5
255557926,14606,4
255557926,18739,4
255557926,43185,5
255557926,25679,5
947708838,36662,3
947708838,9320,4
947708838,45118,2
947708838,3476,5
947708838,18941,3
188618001,8791,4
188618001,5367,4
188618001,36466,4
188618001,3928,4
188618001,39010,4
188618001,141,4
188618001,36553,3
188618001,1112,3
188618001,15338,3
188618001,18805,3
188618001,45030,4
188618001,38128,3
188618001,40723,3
188618001,35203,2
188618001,30221,4
188618001,20315,4
2276361104,28026,4
2276361104,33716,4
2276361104,34871,4
2276361104,20827,5
2276361104,41702,3
2276361104,11556,5
2276361104,19068,3
2276361104,40668,4
2276361104,43871,4
2276361104,17903,4
2276361104,25189,4
2276361104,9550,5
2276361104,11425,3
2276361104,22125,3
2276361104,16600,5
2276361104,39539,4
2276361104,35967,4
2276361104,26604,5
2276361104,41569,5
2276361104,20523,5
2276361104,20367,4
2276361104,41410,3
2276361104,45321,5
2276361104,20786,3
2276361104,8542,5
2276361104,23475,5
2276361104,7608,3
2276361104,29429,5
2276361104,6830,5
2276361104,42432,5
2276361104,31719,4
2276361104,19639,3
2276361104,7758,4
2276361104,27912,3
262661349,10561,4
929428562,17082,4
1534501315,40173,4
1534501315,10864,4
1534501315,34098,5
1534501315,16088,4
125832061,13575,4
351876751,39323,4
351876751,40519,5
351876751,4549,3
351876751,25573,5
351876751,19058,4
351876751,44328,5
18422281,44470,3
18422281,17020,5
18422281,19896,4
107227924,40723,4
107227924,21457,5
929750694,17473,3
929750694,34162,4
929750694,45633,4
929750694,11320,5
929750694,34258,3
929750694,33642,4
929750694,43825,5
547575476,26805,4
547575476,12381,4
547575476,39434,5
547575476,13536,5
547575476,24942,5
22823127,35844,4
22823127,18546,4
22823127,43015,4
22823127,3127,3
22823127,13744,5
22823127,4296,5
22823127,13516,5
22823127,24355,3
22823127,9828,5
22823127,25136,5
22823127,2435,4
22823127,4213,5
22823127,43812,4
22823127,23285,5
22823127,22764,3
22823127,28630,4
22823127,28492,5
22823127,14226,4
22823127,7672,4
22823127,751,4
22823127,33092,5
22823127,8709,3
22823127,25232,4
22823127,6077,4
22823127,44223,4
22823127,981,5
22823127,31653,3
22823127,13587,4
22823127,43452,3
22823127,17582,5
22823127,762,5
1628333425,7669,5
1628333425,19168,4
1628333425,18677,4
1628333425,23773,4
1628333425,33011,5
177590751,13150,5
44471430,25011,4
44471430,329,5
44471430,8985,4
44471430,30169,3
44471430,14580,5
44471430,4258,4
44471430,44743,4
44471430,20075,4
44471430,6348,4
44471430,36991,5
44471430,19693,5
44471430,27239,5
44471430,32572,4
44471430,33036,4
44471430,36489,4
44471430,40994,4
44471430,40698,4
44471430,12014,5
44471430,14679,3
44471430,2125,4
44471430,45202,4
44471430,172,5
44471430,34175,5
44471430,3887,5
44471430,20087,4
44471430,14327,5
249779708,1381,4
249779708,31680,5
249779708,35212,4
249779708,15388,5
249779708,30539,5
249779708,26150,4
249779708,24897,5
249779708,13844,3
249779708,26995,5
249779708,43287,5
249779708,12857,4
249779708,24632,3
249779708,12886,4
249779708,33228,3
249779708,29522,4
249779708,17106,4
1635490405,44674,3
1635490405,32215,2
1635490405,42195,5
1635490405,36927,4
1635490405,5054,4
1635490405,41778,3
1635490405,36636,4
1635490405,37796,4
312380879,20437,4
312380879,28184,4
312380879,25557,4
312380879,41391,4
312380879,8418,5
312380879,27177,4
312380879,2464,5
312380879,2866,5
312380879,35099,5
312380879,10417,5
312380879,6823,4
312380879,38707,4
312380879,14343,4
312380879,6740,4
312380879,17014,5
312380879,8215,4
312380879,18286,4
312380879,8416,5
312380879,19089,4
18213388,5078,3
21129564,28489,4
21129564,36410,4
21129564,36849,3
21129564,10203,3
140203250,12288,3
140203250,25410,5
140203250,13549,4
140203250,8182,4
259575172,7702,2
89344244,18702,2
38203906,15911,4
38203906,36763,4
38203906,35341,4
38203906,45686,4
38203906,45567,4
38203906,30809,4
38203906,17708,4
38203906,9683,4
38203906,37176,4
38203906,45677,4
38203906,40316,4
38203906,36025,4
38203906,42511,4
38203906,6358,4
38203906,28104,4
38203906,20244,4
38203906,38389,4
38203906,29001,4
38203906,33799,4
38203906,19462,4
38203906,40997,4
38203906,3273,4
38203906,3476,4
38203906,3236,4
38203906,37565,4
38203906,36633,4
38203906,7962,4
38203906,753,4
38203906,29308,4
38203906,19263,4
38203906,17170,4
38203906,812,4
38203906,41338,4
38203906,7198,4
38203906,5851,4
38203906,19896,4
38203906,3238,4
38203906,11637,4
38203906,30527,4
38203906,28657,4
38203906,43534,5
38203906,9009,4
38203906,25829,4
38203906,26049,4
38203906,32239,4
38203906,16869,4
413072357,26179,4
413072357,11958,3
413072357,8777,3
97889267,22130,5
65736683,30062,4
35497930,30185,4
35497930,42939,5
35497930,16640,5
35497930,37254,5
35497930,6584,4
35497930,8258,5
35497930,14863,5
35497930,9723,3
35497930,13556,4
35497930,44261,5
35497930,22830,5
35497930,7709,5
35497930,11090,4
35497930,40201,4
35497930,8215,3
35497930,26466,5
35497930,16036,5
35497930,34316,5
35497930,36740,4
35497930,16085,4
35497930,24631,4
35497930,24590,4
35497930,25806,5
35497930,36236,4
35497930,3276,4
35497930,4550,4
35497930,26626,4
35497930,6468,5
35497930,25532,5
35497930,33902,4
35497930,5121,5
35497930,8921,5
35497930,43749,5
35497930,38262,5
35497930,26228,5
35497930,30876,4
35497930,38125,3
35497930,3113,4
35497930,25818,4
35497930,29937,4
35497930,40043,4
35497930,22127,4
35497930,9050,4
35497930,41161,4
35497930,7578,4
35497930,44521,4
35497930,8454,3
35497930,2569,5
35497930,28455,5
35497930,38952,5
35497930,32415,4
35497930,31259,4
35497930,32809,4
35497930,12788,4
35497930,16981,4
35497930,1120,4
35497930,5215,4
35497930,11579,4
35497930,212,5
35497930,21854,4
35497930,24770,3
35497930,20764,3
35497930,26362,3
35497930,30540,3
35497930,8866,4
35497930,45674,4
35497930,28104,5
35497930,18564,4
35497930,15173,5
35497930,41572,3
35497930,38929,5
35497930,22680,4
35497930,34349,5
35497930,15281,4
35497930,10382,5
35497930,37168,4
35497930,36553,5
35497930,35477,5
35497930,13852,3
35497930,35463,4
35497930,12835,5
35497930,18576,4
35497930,3876,3
35497930,23514,3
35497930,15701,5
35497930,41513,5
35497930,21510,5
35497930,10595,5
35497930,10280,4
35497930,35655,5
35497930,445,5
35497930,12920,5
35497930,21712,3
35497930,44408,5
373064145,44333,2
373064145,29155,2
373064145,17508,3
373064145,40410,2
373064145,7202,3
373064145,8692,1
373064145,797,3
373064145,5409,3
373064145,32775,2
373064145,36459,2
373064145,8025,3
373064145,6726,3
373064145,24529,3
373064145,41584,2
373064145,44301,2
373064145,31178,1
373064145,37856,3
373064145,39955,1
373064145,33619,2
373064145,3524,2
373064145,21515,3
373064145,9093,4
373064145,28213,2
373064145,31307,3
373064145,18135,2
373064145,34940,3
373064145,22320,1
373064145,2384,1
373064145,3769,2
373064145,5685,4
15891205,28464,4
15891205,1669,5
15891205,19191,5
15891205,39152,5
15891205,38021,5
15891205,33488,5
15891205,23749,4
15891205,99,4
15891205,15303,4
15891205,35462,3
15891205,12033,4
15891205,37176,4
15891205,33110,5
15891205,24663,3
15891205,31737,5
15891205,12350,4
15891205,17237,5
15891205,32575,2
15891205,6373,4
15891205,15678,4
15891205,29128,4
15891205,28547,3
15891205,3183,5
278563430,23299,5
278563430,3217,5
259703840,18596,4
109143958,32053,3
109143958,27884,4
109143958,14359,2
109143958,16425,5
109143958,22711,2
109143958,37191,5
109143958,30738,3
109143958,15445,5
109143958,16433,2
109143958,27554,4
2665863253,14632,4
1653654824,21578,3
1653654824,21542,5
1653654824,9619,4
1653654824,33215,5
1653654824,8056,4
1653654824,38314,5
1653654824,22109,5
1653654824,34635,4
1653654824,18096,4
1653654824,7180,4
1653654824,8042,4
1653654824,24794,4
1653654824,11283,5
2494697113,37817,4
2494697113,33922,4
2494697113,14397,4
2494697113,2769,4
2494697113,22472,3
2494697113,30954,4
2494697113,762,3
2494697113,32369,4
2494697113,36386,5
2494697113,20825,4
2494697113,21656,5
2494697113,2091,3
2494697113,30518,4
2494697113,9253,3
2494697113,26823,4
2494697113,32069,4
2494697113,27499,4
174527836,44482,5
174527836,19116,5
174527836,14153,5
174527836,37884,5
174527836,45337,5
174527836,25663,5
174527836,11529,4
174527836,21540,5
174527836,26386,5
174527836,14574,4
174527836,30913,5
174527836,3797,5
174527836,33576,3
174527836,28995,3
174527836,4535,5
174527836,40707,2
174527836,28871,5
174527836,26677,2
174527836,16060,5
174527836,37183,2
174527836,1328,2
174527836,17189,2
174527836,6037,5
174527836,12719,3
174527836,26199,3
174527836,14947,5
174527836,16043,4
174527836,13227,2
174527836,22313,2
174527836,27548,4
174527836,25993,5
174527836,4604,5
174527836,19025,5
174527836,14830,5
174527836,9941,2
174527836,43554,4
174527836,39357,4
174527836,10648,5
174527836,15125,1
174527836,29509,4
174527836,44467,5
174527836,9962,5
174527836,3476,5
174527836,36038,2
174527836,42446,4
174527836,10970,5
174527836,38952,5
174527836,10699,5
174527836,18677,5
174527836,25217,4
174527836,27644,5
174527836,25039,5
174527836,18161,4
174527836,29600,3
174527836,4972,3
174527836,38584,5
174527836,13277,5
174527836,28413,5
174527836,15210,5
174527836,9566,5
174527836,9201,3
174527836,32815,3
174527836,14223,4
174527836,31118,5
174527836,43654,5
174527836,42381,5
174527836,10091,5
174527836,12581,5
88357739,15786,5
88357739,25006,3
88357739,41997,4
88357739,13012,2
200246737,24519,4
200246737,13760,4
200246737,11571,3
200246737,28345,3
200246737,42819,4
200246737,42058,4
200246737,23207,4
200246737,30907,5
200246737,45468,4
200246737,16944,5
200246737,25428,4
200246737,363,3
200246737,3377,2
200246737,11438,5
200246737,45634,2
200246737,41702,5
200246737,8739,4
200246737,45740,5
200246737,19734,5
200246737,24592,4
200246737,36736,4
200246737,40753,4
200246737,24759,3
200246737,1986,3
200246737,25761,4
200246737,36653,3
200246737,15932,4
200246737,36410,4
200246737,20170,4
200246737,42818,4
200246737,10755,3
200246737,27868,2
200246737,20932,4
200246737,31159,3
753060804,40249,5
753060804,34565,5
753060804,19347,5
753060804,43802,3
753060804,42739,4
753060804,7448,4
753060804,36089,5
753060804,21954,5
753060804,14921,4
753060804,24172,4
753060804,44687,5
753060804,16490,5
753060804,23449,5
753060804,18139,5
753060804,19840,2
753060804,26425,3
753060804,21319,4
753060804,23955,3
753060804,12366,4
753060804,25590,3
753060804,2878,4
753060804,36067,2
753060804,19152,5
753060804,44995,4
256730182,32128,4
256730182,31334,4
256730182,35777,5
256730182,5001,4
256730182,31987,4
256730182,38502,5
83353770,18244,4
83353770,34896,4
83353770,14423,4
83353770,14696,3
83353770,40734,4
83353770,4062,4
83353770,10383,5
83353770,15078,4
83353770,19390,1
83353770,44563,3
83353770,33158,5
83353770,5973,5
83353770,38869,4
83353770,37187,3
83353770,25060,4
83353770,2151,3
83353770,13925,3
83353770,8367,4
83353770,36744,2
83353770,8653,3
83353770,12307,3
83353770,10283,5
83353770,30680,4
83353770,23346,3
83353770,42328,4
83353770,20114,3
83353770,12655,4
83353770,3188,5
83353770,29355,4
83353770,44716,4
83353770,36837,4
83353770,23694,4
83353770,13486,3
83353770,15326,5
83353770,34415,4
83353770,27160,4
83353770,137,4
83353770,15639,5
83353770,8789,4
83353770,34499,3
83353770,36570,5
83353770,13404,3
83353770,38099,3
83353770,41556,2
83353770,31956,4
83353770,44380,5
83353770,8806,4
83353770,5901,4
83353770,39868,4
83353770,43756,2
83353770,16092,3
83353770,39069,5
864367868,32466,4
864367868,8168,3
864367868,6530,4
864367868,1976,4
864367868,14156,2
864367868,44815,4
864367868,34948,3
864367868,44306,4
864367868,19333,3
27151130,8457,4
27151130,24616,5
27151130,20111,4
27151130,45495,5
27151130,17053,5
27151130,28169,5
32185794,8230,3
523376270,1956,4
523376270,5477,3
523376270,31763,5
28596563,26797,5
28596563,29900,5
28596563,36199,5
28596563,35797,5
163563968,7287,4
163563968,5477,4
163563968,13033,5
163563968,25946,5
163563968,17020,5
163563968,39678,5
163563968,4806,5
163563968,24026,5
163563968,14153,4
163563968,12881,5
163563968,22778,5
163563968,17341,5
163563968,20174,5
163563968,11088,5
163563968,261,5
163563968,17351,5
163563968,14273,5
163563968,15013,5
163563968,6145,5
163563968,29608,4
163563968,6340,5
163563968,27184,5
163563968,38169,4
163563968,27065,3
163563968,23175,3
163563968,11422,4
163563968,38391,5
163563968,9537,5
163563968,12460,5
163563968,10282,5
163563968,15226,4
163563968,2478,5
163563968,38303,5
163563968,160,4
163563968,12081,3
163563968,37271,5
163563968,38309,5
163563968,26387,4
163563968,16213,4
163563968,41489,5
163563968,36995,5
163563968,27536,5
163563968,43237,4
163563968,37799,3
163563968,28570,4
163563968,3134,5
163563968,2397,5
163563968,45461,5
163563968,30911,5
163563968,38719,5
364597947,24749,4
250279654,4643,4
250279654,37457,2
250279654,39945,4
250279654,36746,5
250279654,24628,5
250279654,17916,4
16560724,16313,5
16560724,22108,5
16560724,3620,3
16560724,11539,5
16560724,40026,4
16560724,18577,4
2149928972,28489,4
2149928972,35450,3
2149928972,1744,5
2149928972,44420,5
2149928972,45074,3
2149928972,44814,4
2149928972,19043,3
2149928972,2038,5
2149928972,26288,4
2149928972,13638,4
2149928972,13542,4
2149928972,22939,5
2149928972,8418,5
2149928972,18352,4
2149928972,16600,3
2149928972,14303,3
2149928972,24433,2
2149928972,2439,2
2149928972,33799,5
2149928972,18929,5
2149928972,45315,3
2149928972,28375,3
2149928972,7084,3
2149928972,5253,3
2149928972,8215,4
2149928972,25579,3
2149928972,10348,3
2149928972,32471,5
2149928972,2558,5
2149928972,12300,2
2149928972,45584,3
2149928972,3276,5
2149928972,8618,4
2149928972,22828,3
2149928972,15544,3
2149928972,29061,3
2149928972,6468,5
2149928972,38111,3
2149928972,24288,4
2149928972,6717,3
2149928972,36128,4
2149928972,33080,4
2149928972,18724,4
2149928972,37849,5
2149928972,25094,5
2149928972,31453,5
2149928972,25739,5
2149928972,3958,4
2149928972,24241,5
2149928972,7587,4
2149928972,32320,2
2149928972,41568,4
2149928972,24086,5
2149928972,25320,5
2149928972,19024,5
2149928972,30207,3
2149928972,28194,5
2149928972,7626,3
2149928972,26733,5
2149928972,38975,4
2149928972,10888,5
2149928972,27651,5
2149928972,30369,5
2149928972,35740,5
2149928972,38719,5
2149928972,38785,3
2149928972,29648,5
2149928972,9671,5
2149928972,25179,5
2149928972,42942,3
2149928972,37130,5
2149928972,45458,4
2149928972,35260,5
2149928972,7578,5
2149928972,1956,5
2149928972,38585,2
2149928972,35655,5
2149928972,32998,5
2149928972,10841,3
2149928972,27990,3
2149928972,4597,2
2149928972,39512,5
2149928972,6872,3
2149928972,40716,4
2149928972,25245,5
2149928972,6707,5
2149928972,45581,4
2149928972,39321,5
2149928972,428,4
2149928972,35591,2
2149928972,35053,3
2149928972,11621,4
2149928972,6281,5
2149928972,39576,4
2149928972,27532,3
2149928972,25492,4
2149928972,5498,4
2149928972,8871,2
2149928972,3824,3
2149928972,40636,5
2149928972,5746,2
2149928972,7270,3
2149928972,13582,3
2149928972,8982,4
2149928972,692,3
2149928972,39037,3
2149928972,2255,5
2149928972,25201,4
2149928972,40033,4
2149928972,34725,5
2149928972,42134,5
2149928972,40170,4
2149928972,31357,3
2149928972,7990,3
2149928972,43135,4
2149928972,33910,5
2149928972,42970,4
2149928972,38442,4
2149928972,29533,5
2149928972,8093,3
2149928972,30644,3
2149928972,18149,3
2149928972,45642,5
2149928972,19730,4
2149928972,44058,5
2149928972,13613,5
2149928972,32758,5
2149928972,43532,5
2149928972,4866,5
2149928972,25707,4
2149928972,5874,4
2149928972,25896,5
2149928972,39539,4
2149928972,38565,5
2149928972,8903,5
985153992,10595,4
985153992,6116,3
985153992,21547,4
985153992,14084,3
985153992,23747,4
19363099,30968,5
19363099,28410,3
186189754,21795,5
186189754,24943,5
90011633,13388,5
90011633,28414,3
90011633,36299,5
90011633,1540,2
90011633,29917,5
90011633,27737,3
90011633,4583,4
90011633,37783,2
90011633,21565,3
90011633,41480,3
90011633,33885,4
90011633,45599,5
90011633,15668,4
90011633,29787,4
90011633,1607,3
90011633,2389,4
90011633,21047,4
90011633,28317,4
90011633,22007,5
90011633,10914,5
90011633,34975,5
90011633,24118,4
90011633,26678,4
90011633,966,4
90011633,38858,4
90011633,36518,5
90011633,21536,5
90011633,44928,3
90011633,7019,4
90011633,41233,4
90011633,36368,5
2697751,41321,4
2697751,27887,5
180164935,45310,4
180164935,14916,4
180164935,31943,4
180164935,1172,3
180164935,33623,4
180164935,12593,4
180164935,37297,4
180164935,11557,5
201967487,14513,3
201967487,35357,5
201967487,26667,4
201967487,12526,4
18311274,38908,5
18311274,37189,5
18311274,18066,3
18311274,28410,2
18311274,15488,3
18311274,29243,2
18311274,4379,5
436836550,13417,5
436836550,6151,5
436836550,32518,5
580132279,21869,5
580132279,12369,5
580132279,7922,4
107075100,37989,5
107075100,14057,4
107075100,10888,4
6203832,7461,4
947758494,1672,5
947758494,33986,5
276223929,20647,3
276223929,21900,4
276223929,40599,2
276223929,2979,3
276223929,31054,3
276223929,36129,4
276223929,6590,3
276223929,25080,4
276223929,24981,5
276223929,20829,4
276223929,949,4
276223929,26092,4
276223929,22443,4
276223929,18485,5
276223929,11466,3
276223929,30876,4
276223929,12560,3
276223929,8201,4
276223929,33322,3
276223929,11669,4
276223929,40660,3
276223929,18750,4
276223929,14291,4
276223929,27653,3
276223929,38694,3
276223929,19157,4
276223929,4132,3
276223929,6720,2
276223929,20886,4
276223929,11972,4
276223929,30516,2
276223929,25391,5
276223929,29216,3
276223929,17492,4
17769102,37560,4
17769102,21988,4
17769102,28970,5
17769102,1338,4
17769102,6424,4
17769102,5338,4
17769102,34416,4
17769102,20052,5
17769102,31263,3
17769102,21314,4
17769102,22417,5
17769102,17169,4
17769102,99,5
17769102,37904,4
17769102,15414,4
17769102,35006,3
17769102,8960,4
17769102,11104,4
17769102,15501,4
17769102,28491,4
17769102,20476,3
17769102,36793,4
17769102,1243,4
17769102,3933,3
17769102,34500,4
17769102,2758,4
17769102,5609,4
17769102,31667,4
17769102,26377,3
17769102,7980,3
17769102,12861,4
17769102,1372,4
17769102,22513,4
17769102,27768,4
17769102,42080,4
17769102,18582,4
17769102,9175,5
17769102,22072,4
17769102,10154,3
17769102,9778,4
17769102,45003,4
17769102,8544,4
17769102,22750,5
17769102,27287,4
17769102,40998,4
17769102,14810,3
17769102,30246,4
17769102,36940,5
17769102,9664,4
17769102,1167,3
17769102,40099,4
17769102,35609,4
17769102,20872,3
17769102,26662,4
17769102,12823,4
17769102,31451,3
17769102,40290,4
17769102,30218,4
17769102,39684,4
17769102,1826,4
17769102,6403,4
17769102,4716,4
17769102,36428,4
17769102,25576,4
17769102,37704,4
17769102,36203,5
17769102,36872,4
17769102,6204,3
17769102,19781,4
17769102,13994,4
17769102,29167,3
17769102,23708,4
17769102,38501,5
17769102,37677,3
17769102,1981,4
17769102,10061,4
17769102,32578,4
17769102,8296,5
17769102,44558,4
17769102,31873,4
17769102,12729,3
17769102,21248,4
17769102,13092,4
17769102,20638,4
17769102,6167,3
17769102,11778,2
17769102,4438,4
17769102,2103,4
17769102,28741,4
17769102,17175,3
17769102,10207,4
17769102,9558,3
17769102,17058,3
17769102,16405,4
17769102,3446,2
17769102,31466,3
17769102,17239,4
17769102,40572,3
17769102,39066,5
17769102,34649,4
17769102,42140,4
17769102,4971,4
17769102,9635,4
17769102,3755,5
17769102,34962,4
17769102,43972,4
17769102,38173,4
17769102,12492,4
17769102,19023,5
41654609,26370,3
41654609,30580,3
41654609,26478,3
41654609,7959,3
41654609,41863,3
41654609,31337,4
41654609,4283,2
41654609,39159,3
41654609,38826,4
41654609,11773,3
41654609,21125,3
41654609,30968,3
41654609,44960,1
41654609,6397,3
41654609,26257,3
41654609,18677,3
41654609,25781,4
41654609,17541,3
41654609,25663,5
41654609,25420,4
41654609,31129,4
41654609,15711,3
41654609,24836,4
41654609,38882,4
41654609,32089,4
41654609,12895,2
41654609,15897,3
41654609,12642,2
41654609,10344,3
41654609,7264,4
41654609,29626,5
41654609,34664,4
41654609,19130,4
41654609,32746,4
41654609,16880,3
41654609,21995,5
41654609,35652,3
41654609,26577,4
41654609,22263,3
41654609,34256,4
41654609,29945,5
41654609,15592,4
41654609,26861,3
41654609,6487,5
41654609,30594,4
41654609,19696,4
41654609,24146,4
41654609,8873,3
41654609,45003,3
41654609,30940,4
41654609,6773,3
41654609,33000,3
41654609,22090,2
41654609,8797,5
41654609,21513,1
41654609,38173,4
17211048,4069,4
17211048,1149,4
17211048,43805,3
17211048,10702,3
17211048,7571,3
17211048,39208,3
17211048,36794,3
17211048,32614,3
17211048,36428,3
17211048,31569,4
17211048,44893,4
17211048,34946,4
17211048,45284,2
17211048,23670,2
17211048,650,5
17211048,5894,3
17211048,43336,3
17211048,2418,3
17211048,18934,3
17211048,4967,4
17211048,13514,4
17211048,34539,4
17211048,25015,4
17211048,6111,3
17211048,18165,5
17211048,27094,4
17211048,37704,5
17211048,25858,4
17211048,45458,4
17211048,24055,4
17211048,23802,3
17211048,36772,4
17211048,27202,4
17211048,22525,4
17211048,44362,4
17211048,20338,3
17211048,41075,4
17211048,18898,3
17211048,8406,4
17211048,2934,3
17211048,11204,5
17211048,17884,2
17211048,39930,3
17211048,17922,4
17211048,39153,3
17211048,29463,3
17211048,15708,3
17211048,17647,4
17211048,6837,4
17211048,10731,2
17211048,42314,3
17211048,38545,4
17211048,2231,3
17211048,2201,4
17211048,45689,4
17211048,12500,4
17211048,29007,5
17211048,5493,4
17211048,36453,4
17211048,5243,3
17211048,39137,5
17211048,5768,4
17211048,20275,3
17211048,35111,4
17211048,40115,3
17211048,38821,4
17211048,23419,3
17211048,15390,4
17211048,24337,4
17211048,11701,4
17211048,13873,4
17211048,514,4
17211048,27508,4
17211048,29528,5
17211048,38952,5
17211048,21239,4
17211048,19954,3
17211048,39120,3
17211048,44696,2
17211048,24533,4
17211048,35643,3
17211048,28018,5
17211048,20027,4
17211048,36279,3
17211048,41868,3
285154191,16039,3
285154191,20981,3
285154191,40771,4
285154191,1400,4
285154191,25854,3
285154191,24519,3
285154191,31763,3
285154191,21085,3
285154191,24949,3
285154191,42759,3
285154191,5488,4
285154191,9122,3
285154191,38238,3
285154191,40834,3
285154191,27034,3
285154191,28198,4
285154191,13431,4
285154191,1800,4
285154191,38508,3
285154191,13638,4
285154191,23209,4
285154191,24884,4
285154191,20772,4
285154191,41562,2
285154191,17983,3
285154191,36490,3
285154191,20744,3
285154191,15862,3
285154191,44115,5
285154191,39079,3
285154191,10369,3
285154191,33692,4
285154191,29922,3
285154191,20432,4
285154191,9907,3
285154191,18701,3
285154191,5767,3
285154191,11422,2
285154191,12159,4
285154191,28398,3
285154191,12442,3
285154191,45567,4
285154191,5531,3
285154191,8416,4
285154191,18271,4
285154191,16220,3
285154191,30820,3
285154191,28096,3
285154191,24045,4
285154191,15746,4
285154191,33676,3
285154191,3709,3
285154191,25423,3
285154191,31420,3
285154191,18593,4
285154191,38584,4
285154191,6048,3
285154191,11425,3
285154191,23878,4
285154191,19833,2
285154191,10888,4
285154191,20582,3
285154191,22796,4
285154191,25905,3
285154191,38262,5
285154191,30274,3
285154191,1830,2
285154191,27230,5
285154191,33316,3
285154191,9853,5
285154191,29127,3
285154191,15779,3
285154191,5729,3
285154191,29579,4
285154191,18052,4
285154191,31308,4
285154191,8512,3
285154191,28756,4
285154191,41923,3
285154191,30369,2
285154191,13685,4
285154191,11902,4
285154191,12150,3
285154191,15462,3
285154191,8739,2
285154191,36681,3
285154191,13908,4
285154191,27514,3
285154191,27710,5
285154191,18831,4
285154191,25227,4
285154191,41405,3
285154191,29908,4
285154191,9004,4
285154191,30458,3
285154191,3715,2
285154191,212,4
285154191,3817,3
285154191,31557,3
285154191,38719,4
285154191,24868,3
285154191,12791,4
285154191,3276,5
285154191,5135,4
285154191,38473,4
285154191,40952,4
285154191,8255,4
285154191,39084,4
285154191,28849,3
285154191,42885,2
285154191,37040,3
285154191,2533,3
285154191,29564,4
39929123,42818,4
39929123,30907,5
39929123,37040,4
39929123,41702,4
39929123,16792,5
39929123,40922,4
39929123,16872,4
39929123,38377,5
39929123,32855,5
39929123,14871,5
39929123,22304,5
39929123,3560,5
39929123,21095,5
39929123,35358,4
39929123,25870,5
39929123,40069,4
39929123,9898,5
39929123,24649,5
39929123,15419,5
39929123,38476,5
39929123,34026,4
125074959,24698,5
125074959,26601,5
125074959,38262,4
125074959,10182,5
125074959,28209,4
125074959,25663,3
125074959,26228,5
125074959,33285,5
125074959,14357,5
125074959,13673,5
125074959,18296,5
125074959,18975,5
125074959,30749,4
125074959,19259,3
125074959,212,4
125074959,884,5
125074959,35545,5
125074959,35655,4
125074959,20960,5
125074959,14439,4
125074959,22223,5
125074959,7304,5
125074959,16858,3
125074959,25479,5
125074959,38565,5
125074959,15152,4
125074959,24934,4
125074959,8171,5
125074959,14079,4
125074959,5259,4
125074959,29680,5
125074959,21609,5
125074959,4616,4
125074959,19896,4
125074959,36587,5
125074959,31670,4
125074959,9320,4
125074959,45337,4
125074959,4185,5
125074959,17879,5
125074959,39712,5
125074959,43569,4
125074959,31148,5
125074959,19619,3
125074959,11895,5
125074959,28939,5
125074959,14153,5
125074959,27779,5
244185001,17310,4
244185001,6989,5
244185001,42196,3
244185001,12325,4
244185001,10351,5
244185001,25982,3
244185001,32490,3
244185001,18368,3
244185001,17513,3
244185001,41822,3
244185001,12742,5
244185001,29727,4
244185001,43773,2
244185001,43137,3
244185001,16095,3
244185001,34932,3
244185001,41555,4
244185001,43003,4
244185001,20902,3
244185001,32792,3
244185001,35019,5
244185001,3142,4
244185001,10603,5
244185001,17879,4
244185001,8555,4
244185001,7060,3
244185001,44467,5
244185001,3476,5
244185001,10970,5
244185001,12049,4
244185001,18339,5
244185001,7868,4
244185001,8159,3
244185001,32118,3
244185001,1468,2
244185001,31644,4
244185001,33385,4
9425292,39972,3
9425292,16236,2
21570165,19149,5
21570165,43384,4
2329623932,10888,5
2329623932,31607,4
2329623932,25618,5
2329623932,38408,3
2329623932,45684,3
2329623932,5042,4
2329623932,32456,4
2329623932,12791,3
2329623932,26114,4
2329623932,20167,4
2329623932,29834,3
2329623932,24231,4
2329623932,45766,4
2329623932,29302,5
2329623932,34927,5
2329623932,10811,4
2329623932,27006,4
2329623932,25886,2
2329623932,10382,5
2329623932,2243,5
2329623932,33552,4
2329623932,1478,3
2329623932,28526,3
2329623932,11199,4
489936150,33678,4
489936150,23571,4
489936150,4817,4
489936150,30489,5
489936150,43669,4
489936150,3811,3
489936150,1837,4
489936150,15263,4
489936150,3919,4
489936150,19915,4
489936150,9823,4
489936150,16327,4
489936150,32577,5
489936150,32288,4
489936150,38866,4
489936150,11018,4
489936150,4757,4
489936150,25340,4
489936150,38254,4
489936150,11030,5
175223398,1354,3
172540484,32772,2
475461255,23109,3
5407912,25850,5
5407912,40855,5
5407912,43748,4
5407912,31344,5
5407912,12371,5
5407912,26335,4
5407912,13977,4
5407912,43749,3
5407912,4772,4
5407912,4480,4
5407912,41564,5
5407912,7702,5
5407912,29204,5
5407912,13845,4
5407912,44867,5
5407912,17641,5
5407912,45682,5
5407912,35798,5
5407912,828,5
5407912,12464,5
5407912,22764,4
5407912,30194,5
5407912,32189,5
5407912,2769,4
5407912,42144,4
5407912,16474,4
5407912,25666,5
5407912,15447,5
5407912,17734,4
5407912,9239,5
5407912,23285,4
5407912,32482,5
5407912,39022,5
5407912,32154,3
5407912,27539,4
5407912,5378,4
5407912,18639,4
5407912,28916,4
5407912,38936,5
5407912,43084,5
5407912,21321,5
5407912,7224,3
5407912,7290,5
5407912,18886,4
5407912,25072,3
5407912,13255,5
5407912,19038,5
5407912,9151,5
5407912,11979,3
5407912,11026,5
5407912,12363,5
5407912,30860,4
5407912,18506,5
5407912,19473,4
5407912,28524,3
5407912,44758,3
5407912,9680,5
5407912,40706,4
5407912,41523,3
5407912,8479,5
5407912,35415,5
5407912,10900,4
5407912,34349,4
5407912,38565,5
5407912,8989,4
5407912,19133,4
5407912,29785,4
5407912,40708,5
5407912,39485,5
5407912,496,4
5407912,38900,3
5407912,26972,4
321476001,35272,4
321476001,45813,4
321476001,14049,2
321476001,38472,5
593235662,24552,5
593235662,12289,3
593235662,38799,5
593235662,29350,5
593235662,6731,5
593235662,28318,4
593235662,11458,5
39790059,1509,5
39790059,6639,3
39790059,14089,5
39790059,3109,4
39790059,18339,4
39790059,33912,4
39790059,6232,3
39790059,39829,5
39790059,10796,3
39790059,15531,4
39790059,5781,3
39790059,40176,4
39790059,37636,4
39790059,27861,4
39790059,40990,4
39790059,9506,2
39790059,15741,4
39790059,6487,5
39790059,22923,4
39790059,18927,5
39790059,41450,3
39790059,21092,2
39790059,37962,4
39790059,33667,5
39790059,20930,3
39790059,44225,5
39790059,44467,5
39790059,3476,4
39790059,44156,4
39790059,43411,4
39790059,45227,3
39790059,25175,3
204499789,15610,3
204499789,45773,3
204499789,33070,4
204499789,20972,4
204499789,5728,3
204499789,37995,4
204499789,32496,4
204499789,30996,3
204499789,153,3
204499789,30096,4
204499789,23895,3
204499789,21335,3
204499789,19470,4
204499789,35341,3
204499789,18741,4
204499789,33320,4
204499789,10378,4
204499789,42817,4
204499789,37516,4
204499789,7565,4
204499789,1162,5
204499789,38798,3
204499789,19949,3
204499789,2707,4
204499789,14729,4
204499789,5950,4
204499789,9175,4
204499789,33494,3
204499789,5474,4
204499789,16884,3
204499789,17135,4
204499789,28918,3
204499789,40082,4
204499789,2082,4
204499789,27550,4
204499789,6170,3
204499789,29194,3
204499789,11297,4
204499789,18460,4
204499789,12901,3
204499789,30063,4
204499789,45152,4
204499789,15328,4
204499789,35938,4
204499789,20474,4
204499789,37082,4
204499789,27687,5
204499789,4458,4
204499789,37099,3
204499789,35660,4
204499789,22658,4
204499789,27355,4
204499789,14153,3
204499789,28084,3
204499789,29413,3
204499789,11036,3
204499789,14178,4
204499789,42187,5
204499789,15443,3
204499789,27274,4
204499789,17698,4
204499789,44901,4
204499789,30012,4
204499789,10785,4
204499789,23249,4
204499789,9773,4
204499789,13653,3
204499789,43146,5
204499789,14319,4
204499789,24799,3
204499789,2726,4
204499789,28661,4
204499789,12330,4
204499789,21007,4
204499789,4416,3
204499789,21266,4
204499789,23888,4
204499789,5238,4
204499789,12100,4
204499789,38664,3
204499789,1424,3
204499789,40852,4
204499789,11390,4
204499789,15870,4
204499789,19263,4
204499789,39845,3
204499789,15407,4
204499789,4478,5
204499789,43462,3
204499789,44467,4
204499789,3476,5
204499789,10970,4
204499789,19900,4
204499789,29103,4
204499789,18587,4
204499789,27919,4
204499789,22314,4
204499789,28029,4
204499789,44339,4
204499789,17264,4
204499789,29642,4
204499789,43164,4
204499789,30090,4
204499789,21659,4
204499789,29306,4
204499789,41845,4
204499789,43734,3
204499789,16231,4
204499789,2121,4
204499789,15732,4
204499789,33572,3
204499789,14164,4
204499789,23067,4
204499789,21750,5
204499789,18668,3
204499789,40705,4
204499789,13974,2
204499789,29379,4
204499789,36396,4
204499789,10322,4
204499789,38877,3
204499789,45081,4
204499789,38091,4
204499789,22139,4
204499789,24142,5
204499789,24989,3
204499789,12040,5
204499789,25547,3
204499789,15353,3
204499789,25114,3
204499789,29366,4
204499789,16180,3
204499789,42391,5
204499789,20667,4
204499789,43357,5
204499789,15301,4
204499789,20609,3
204499789,14928,4
204499789,15860,4
204499789,36338,4
204499789,43550,3
204499789,38036,4
204499789,7111,4
204499789,29115,4
204499789,17850,4
204499789,18924,3
204499789,10761,3
204499789,40858,4
204499789,31419,4
204499789,6863,3
204499789,10730,4
204499789,1164,3
204499789,32053,4
204499789,32833,4
204499789,16943,4
204499789,20520,4
204499789,1248,4
204499789,26304,4
204499789,39924,3
204499789,7859,3
204499789,667,3
204499789,44989,3
204499789,40377,4
204499789,6352,4
204499789,45558,3
204499789,32861,3
204499789,10348,2
204499789,24777,4
204499789,9417,4
204499789,40241,4
204499789,19819,3
204499789,26694,4
204499789,35937,4
204499789,34956,4
204499789,13803,4
204499789,17435,3
204499789,29590,4
204499789,1103,3
204499789,35412,4
204499789,8636,4
204499789,24030,4
206809960,3444,4
206809960,33616,4
206809960,8795,4
206809960,42333,5
206809960,406,4
206809960,17831,4
206809960,44253,4
64505304,24792,5
64505304,16786,5
64505304,4320,5
64505304,6551,5
64505304,31800,5
64505304,31594,3
64505304,42683,4
64505304,37609,4
64505304,9955,5
64505304,25150,5
64505304,41668,5
64505304,38829,5
64505304,16962,5
64505304,44215,5
64505304,5267,5
64505304,36820,4
64505304,43240,5
64505304,19727,3
64505304,37546,4
64505304,11749,5
64505304,6607,5
64505304,42749,4
64505304,24205,4
64505304,39230,4
64505304,39757,4
64505304,13186,4
64505304,18990,5
64505304,5726,5
64505304,19902,3
64505304,21956,5
64505304,41524,3
64505304,40751,4
64505304,17101,5
64505304,35909,4
64505304,21932,5
64505304,44412,5
64505304,25922,4
64505304,33172,4
64505304,9675,5
64505304,16567,5
64505304,27849,5
64505304,19273,4
64505304,3112,3
64505304,26249,5
64505304,45619,4
64505304,15686,5
64505304,31312,4
64505304,30830,5
64505304,1816,5
64505304,14158,5
64505304,117,5
64505304,24066,5
64505304,34284,4
64505304,38369,4
64505304,42137,4
64505304,36452,4
64505304,38480,3
64505304,19646,4
64505304,3376,4
64505304,45340,3
64505304,43601,5
64505304,27685,5
64505304,35329,5
64505304,24262,5
64505304,19336,5
64505304,18575,4
260417221,8325,4
260417221,17678,4
260417221,27161,5
260417221,5610,4
260417221,3014,3
260417221,13463,4
260417221,13540,4
260417221,7421,4
260417221,19982,4
260417221,35404,4
260417221,2174,4
128273388,15137,4
128273388,12172,5
128273388,28152,5
128273388,20024,4
128273388,31450,5
128273388,37113,3
128273388,44347,4
128273388,12413,2
128273388,20215,3
128273388,32313,3
128273388,38839,4
128273388,3705,5
128273388,15849,2
128273388,18192,3
128273388,6977,3
128273388,3988,3
128273388,7233,4
128273388,13572,4
128273388,36407,4
128273388,5883,3
128273388,37184,4
128273388,21040,5
128273388,6115,5
128273388,33530,3
128273388,1116,3
128273388,7176,5
128273388,18551,2
128273388,32475,5
128273388,25236,4
128273388,24363,3
128273388,6797,4
128273388,18097,5
128273388,9421,4
128273388,31370,4
128273388,4925,4
128273388,36196,2
128273388,43436,4
128273388,27546,4
128273388,7027,3
128273388,8873,3
128273388,41048,3
128273388,29989,4
128273388,10230,4
128273388,13943,4
128273388,5694,3
128273388,39765,2
128273388,35616,4
128273388,43686,3
128273388,10277,4
128273388,34482,2
128273388,1716,5
128273388,29428,5
128273388,40963,3
128273388,10970,5
67582951,25042,5
67582951,34968,4
67582951,38370,5
67582951,40201,4
67582951,25479,5
67582951,37176,4
67582951,17260,3
67582951,80,4
67582951,28961,1
67582951,45337,4
67582951,43749,1
67582951,21248,3
67582951,16024,4
67582951,24279,5
67582951,17973,3
36627912,40,5
36627912,23338,5
36627912,38407,5
36627912,41576,5
36627912,36460,4
36627912,648,5
36627912,11569,4
36627912,4632,4
36627912,34683,5
36627912,28448,5
36627912,36429,5
36627912,14409,5
36627912,763,5
36627912,20827,3
36627912,19513,5
36627912,25822,5
36627912,10403,5
36627912,21444,5
36627912,24988,5
36627912,40666,5
36627912,4168,5
36627912,38006,5
36627912,30907,5
36627912,17322,5
36627912,45444,5
36627912,17011,3
36627912,24809,2
36627912,22221,5
36627912,35562,5
36627912,41651,5
36627912,36633,5
36627912,753,5
36627912,22796,4
36627912,3423,5
36627912,37903,5
36627912,12862,3
36627912,1022,5
36627912,41065,5
36627912,10393,5
36627912,45111,5
36627912,18362,5
36627912,13329,5
36627912,33563,5
36627912,9610,5
36627912,10369,5
36627912,9526,3
36627912,25841,5
36627912,8416,5
36627912,34639,5
36627912,2585,4
36627912,18702,5
36627912,41080,3
36627912,3752,5
36627912,25905,5
36627912,41981,4
36627912,41,3
36627912,27159,5
36627912,45406,5
36627912,29297,5
36627912,25197,5
36627912,2385,5
517798571,24640,4
517798571,7708,4
517798571,1473,5
65420263,19224,2
65420263,1400,4
65420263,34725,2
65420263,42134,4
65420263,1275,1
65420263,6731,3
65420263,8855,2
65420263,29854,2
65420263,5183,2
65420263,3396,3
65420263,41016,4
65420263,30018,3
65420263,9266,4
65420263,13349,3
65420263,13735,2
65420263,29637,4
65420263,9393,4
65420263,28981,5
65420263,2971,3
65420263,30107,5
65420263,31219,4
65420263,29459,5
65420263,36832,3
65420263,45188,2
65420263,44152,2
65420263,18553,2
65420263,11812,3
65420263,3560,5
65420263,2503,3
65420263,41568,2
65420263,212,4
65420263,41647,3
65420263,31562,4
65420263,31607,1
65420263,33552,3
65420263,25530,1
65420263,40546,2
65420263,16018,5
65420263,39673,3
65420263,14303,3
65420263,4555,5
65420263,24165,4
65420263,29476,3
65420263,31808,2
197498568,36868,4
197498568,24242,3
197498568,3962,4
197498568,43655,4
197498568,5840,4
197498568,12930,4
197498568,40104,4
197498568,39731,5
197498568,31327,5
197498568,10478,4
197498568,29006,4
197498568,42226,5
197498568,21248,5
197498568,37275,5
197498568,44025,4
197498568,5910,4
197498568,14656,4
197498568,21376,4
197498568,36572,5
197498568,30529,3
197498568,31996,4
28071797,8314,5
28071797,12514,5
28071797,20898,5
28071797,4177,5
28071797,10200,4
28071797,40395,4
28071797,32024,5
28071797,11826,5
28071797,39800,5
28071797,41563,3
28071797,42956,5
28071797,30283,2
28071797,44359,3
28071797,5504,5
28071797,14411,5
28071797,2585,5
28071797,19742,5
28071797,5365,4
28071797,43273,5
28071797,30997,5
28071797,43467,5
28071797,16556,5
28071797,22152,5
28071797,18517,5
28071797,9900,5
28071797,8698,5
28071797,40393,5
28071797,42220,5
28071797,1717,3
28071797,42142,4
28071797,34339,5
28071797,26834,5
28071797,28574,5
28071797,39909,4
28071797,17141,5
28071797,23567,5
28071797,16721,5
28071797,25058,5
28071797,26892,5
28071797,6160,5
28071797,3529,5
28071797,16596,4
28071797,2087,5
28071797,12364,5
28071797,30118,4
28071797,20994,2
28071797,2529,5
28071797,20076,1
28071797,34829,5
28071797,451,5
28071797,2888,5
28071797,28768,5
28071797,20694,4
28071797,28922,5
28071797,39599,5
28071797,44904,5
28071797,7032,5
28071797,32097,3
28071797,44789,2
28071797,16559,4
28071797,23222,5
28071797,45537,4
296819497,3653,3
296819497,37977,3
296819497,37209,3
296819497,17158,3
296819497,13922,2
296819497,19431,4
296819497,18024,3
296819497,11487,4
296819497,12488,4
296819497,23909,3
296819497,18418,3
296819497,33887,3
296819497,29998,3
296819497,6037,4
296819497,20390,3
296819497,40626,3
296819497,20738,3
296819497,38907,4
296819497,14301,4
296819497,21699,4
296819497,27080,4
296819497,11993,3
296819497,41726,3
296819497,19037,4
296819497,4916,5
296819497,18749,3
296819497,30915,4
296819497,16814,4
296819497,36505,3
296819497,43840,3
296819497,33838,3
296819497,24048,3
296819497,26316,3
296819497,35826,3
296819497,31178,3
296819497,42828,3
296819497,22192,2
296819497,7440,2
296819497,21234,4
296819497,38564,3
296819497,37400,3
148939787,20195,3
148939787,45329,5
148939787,25570,3
148939787,31063,5
148939787,14960,5
148939787,5145,5
148939787,42918,5
148939787,13817,3
148939787,45754,5
148939787,15001,5
148939787,4200,4
148939787,23474,4
148939787,25665,2
148939787,20077,3
148939787,25021,5
148939787,10503,5
148939787,6493,4
148939787,37070,5
148939787,39875,5
148939787,24341,5
148939787,45440,5
148939787,3119,4
148939787,3667,5
148939787,38638,5
148939787,461,3
148939787,18204,5
148939787,38615,4
148939787,21005,4
148939787,39937,2
148939787,29396,5
148939787,40981,4
148939787,1611,5
148939787,1951,4
148939787,23716,5
148939787,42415,3
148939787,41761,3
148939787,7572,5
148939787,14215,5
148939787,14414,3
148939787,15983,4
148939787,37268,5
148939787,17404,4
148939787,34299,2
148939787,5545,4
148939787,44555,4
148939787,533,2
148939787,666,5
148939787,11089,3
148939787,18840,2
148939787,5182,5
148939787,17313,5
148939787,2004,4
148939787,40295,5
148939787,7913,5
148939787,17792,3
148939787,34967,3
148939787,23885,4
148939787,10293,4
148939787,1160,4
148939787,35838,4
148939787,28696,4
148939787,17696,2
148939787,30131,5
148939787,25167,4
148939787,10679,4
148939787,14966,5
148939787,21770,5
148939787,45676,5
148939787,5965,5
148939787,34647,3
148939787,5429,5
148939787,5870,4
148939787,7591,3
148939787,25149,5
148939787,31416,4
148939787,41753,3
148939787,1411,5
148939787,27904,3
148939787,17272,4
148939787,30227,3
148939787,36376,5
148939787,13754,5
148939787,11651,5
148939787,13661,5
148939787,22836,5
148939787,504,5
148939787,13913,5
148939787,19808,5
148939787,6517,4
148939787,45047,2
148939787,5051,4
148939787,37827,5
148939787,13389,4
148939787,7951,4
148939787,40536,3
148939787,35075,4
148939787,31641,4
148939787,33402,5
148939787,41252,3
148939787,436,5
148939787,6512,5
148939787,1536,5
148939787,37296,4
148939787,38855,1
148939787,18706,4
148939787,19553,5
148939787,3198,5
148939787,7856,5
148939787,1747,1
148939787,5555,4
148939787,33899,5
148939787,13711,3
148939787,34121,4
148939787,23357,3
148939787,34176,5
148939787,14539,3
148939787,43411,4
148939787,20745,3
148939787,24775,5
148939787,4368,5
148939787,24367,4
148939787,22493,5
148939787,34262,5
148939787,36684,5
148939787,21637,5
148939787,15609,4
148939787,32264,3
148939787,17554,5
148939787,11953,3
148939787,23368,4
148939787,13842,2
148939787,27921,5
148939787,45594,3
148939787,1934,3
148939787,6792,5
148939787,23060,5
148939787,13450,5
148939787,30779,3
148939787,44919,5
148939787,3991,4
148939787,44373,5
148939787,19736,5
148939787,3037,2
148939787,33228,5
148939787,32062,5
148939787,34733,5
148939787,24209,5
148939787,33495,4
148939787,23677,4
148939787,5528,5
148939787,24928,5
148939787,8113,5
148939787,2643,4
148939787,4546,5
148939787,6118,4
