lamb
0.01	0.925768095422,0.0060507807531	0.726353598779,0.00489813491275
0.1	0.965323037433,0.00285642907967	0.7580871249,0.00205123482958
0.12	0.877327155055,0.00584770901173	0.684891302274,0.00437146208286
0.15	0.964084875065,0.00259762272584	0.756349152066,0.0019825943182
0.2	0.963502803931,0.00279939508461	0.756229450409,0.00261510372911
0.23	0.881329253334,0.00676314178674	0.687378851244,0.00475673639414
0.25	0.961741164044,0.00212055095583	0.754350871601,0.00222134164201
0.3	0.96587842815,0.00334916140905	0.7576870939,0.00270954161691
0.34	0.884280462526,0.00713515366263	0.690750181711,0.00482531732407
0.35	0.964525457437,0.00287192286807	0.756422501045,0.00239688050703
0.4	0.96489636318,0.00319720643087	0.756945154075,0.00254191053551
0.45	0.885156222644,0.00591794879001	0.692124781298,0.00310514595857
0.5	0.965616830609,0.0025346600306	0.757545455354,0.00257481845689
0.55	0.965438838873,0.00316342792693	0.757609669985,0.00277482054904
0.56	0.883244360531,0.00414482806988	0.691689944394,0.00330823630782
0.6	0.963592356277,0.00219925434733	0.755971273807,0.00184435761537
0.65	0.965619453689,0.00293366241845	0.757911036227,0.00222291949451
0.67	0.880143425893,0.00544856201318	0.688936734784,0.00419048450982
0.7	0.96682017619,0.00293265852374	0.758535961761,0.00232096370795
0.75	0.965961126135,0.00271233333387	0.7582102538,0.00248527455332
0.78	0.879732244666,0.00819813543466	0.689662648967,0.00450560562956
0.8	0.96526872358,0.00282735465544	0.757906065127,0.00279862224748
0.85	0.967689579537,0.00394099000131	0.759873276108,0.00310438958713
0.89	0.883802746304,0.00594670764033	0.69314176017,0.00462270110327
0.9	0.967332543218,0.00238849420194	0.759430345703,0.00233071827373
0.95	0.96619040139,0.00364099868089	0.75840255662,0.00249433507224
1.0	0.884863301937,0.0053924814043	0.693593051847,0.003976619251
mi
10	0.905205554948,0.00673051116487	0.709872502244,0.00415161517311
110	0.886258370544,0.00582297895509	0.690654897088,0.0046081453577
130	0.88476605011,0.00638579547773	0.689681395227,0.00498045576291
150	0.88420612322,0.00738132821834	0.689263523325,0.00423279981603
170	0.888687827826,0.00668506285087	0.692425357037,0.0038530838242
190	0.889714757757,0.00768144611583	0.692647219718,0.00539632381585
210	0.891795527866,0.00811207421593	0.693004467281,0.0054807146272
230	0.894401736935,0.00588232041867	0.695913776168,0.00367265447869
250	0.893591354127,0.00857685165111	0.693745599891,0.00573186951422
270	0.898675510376,0.0057084104672	0.698564663178,0.0041756818695
290	0.896401509896,0.00558444932086	0.696023109087,0.00364977282155
30	0.886646542814,0.00909174004643	0.692673547531,0.00515890003429
310	0.898748135744,0.00655983388673	0.696182245274,0.00426298153761
330	0.898263984893,0.00872854714948	0.697731959134,0.0066534018708
350	0.901683172178,0.0049153741705	0.6991693247,0.00225409481569
370	0.905679428752,0.00771922318875	0.702767294841,0.00578632801487
390	0.902974692956,0.00538489851146	0.7009428461,0.00443375370785
410	0.905167651356,0.00694726392323	0.700921514247,0.00543781246728
430	0.905167448314,0.00750988122116	0.701216909295,0.00530434493292
450	0.907297227249,0.00598131821556	0.702503232459,0.00527847644809
470	0.901925596723,0.00825671396094	0.701029405039,0.00548665916615
490	0.904689385357,0.00536820991676	0.701202357677,0.0049069423178
50	0.878421183122,0.00673407077663	0.685675297025,0.00402600602896
510	0.908695195895,0.00658294105161	0.704814270889,0.00515979034652
70	0.883774632118,0.0059467108228	0.688691695113,0.00563662271947
90	0.881960879651,0.00855446551838	0.687445624879,0.00489284772594
lr
0.001	0.919997315553,0.00667464447541	0.724007623943,0.00487803810652
0.0065	0.889816765732,0.00596278148338	0.694759141764,0.00643393816134
0.01	0.964357648524,0.00265285952277	0.756319128847,0.00276105851281
0.012	0.882036584035,0.00754838560026	0.688094419232,0.00398607055455
0.015	0.963415917484,0.00290042472232	0.755825191807,0.0029998300707
0.0175	0.882835084602,0.0080050228771	0.688481679279,0.00541995125768
0.02	0.963371452293,0.00302854310531	0.75522834286,0.00241291484503
0.023	0.883646497839,0.00480557507465	0.688727512771,0.00407714577358
0.025	0.964248020125,0.00292622192848	0.756290355041,0.00297592327664
0.0285	0.88107229095,0.00458707900162	0.687563940252,0.00421657561422
0.03	0.965124682455,0.0036678469975	0.756787409052,0.00313801393808
0.034	0.885010206707,0.0058149617931	0.688928648502,0.00365033900045
0.035	0.965664834247,0.00273223130571	0.75716922797,0.00217566680383
0.0395	0.887370305489,0.00788678745927	0.691205410447,0.00554283158828
0.04	0.966095165432,0.00449220508493	0.757736132833,0.00335903747116
0.045	0.886881726168,0.00459502679716	0.691397732203,0.00399933189531
0.05	0.966654787431,0.00319162546539	0.757487510847,0.00230369292028
0.0505	0.890239026967,0.0099374351857	0.69244724142,0.00708488882507
0.055	0.966036031476,0.00252968896875	0.757391582532,0.00201994292121
0.056	0.890069420231,0.0103301588529	0.692886045606,0.00720266242511
0.06	0.967982463633,0.00261261677299	0.759056908184,0.00217157575957
0.0615	0.890874332843,0.00595448474578	0.693067431179,0.00329204516578
0.065	0.968764491215,0.00235724913531	0.759406199887,0.00242508211394
0.067	0.889315783122,0.00591902271493	0.692540830091,0.00397062953654
0.07	0.968963551861,0.00413816229498	0.759604644947,0.00317916306146
0.0725	0.896320778399,0.00809397725882	0.696323499727,0.00538628675834
0.075	0.969497706861,0.00330689097095	0.760361192715,0.00200803017878
0.078	0.897515769857,0.0056605205381	0.697291020871,0.00264112850774
0.08	0.969013140338,0.00225775958277	0.759542654618,0.0020447164365
0.0835	0.900403014404,0.00630614749977	0.699116190759,0.00437468937952
0.085	0.970092833504,0.00269404230652	0.760632756751,0.00242879034911
0.089	0.896546644629,0.0066834076056	0.697615270748,0.00352045206024
0.09	0.971561355728,0.00307634417743	0.761560050188,0.00284232061173
0.0945	0.899938688271,0.00913061125986	0.699566556818,0.00538238866955
0.095	0.970800911105,0.0029378966667	0.761169129808,0.00267835820522
0.1	0.899034608025,0.00803046757599	0.698885624265,0.00567342317898
f
100	0.88795875922,0.00792293663223	0.687203327055,0.00400626270168
1000	0.88535060112,0.00519441342423	0.689478325756,0.00472230210488
1025	0.881400338445,0.00550272598065	0.688727542463,0.00334774194173
1050	0.883465372009,0.00691461945125	0.688508648196,0.00478615214502
1075	0.880088537963,0.00893400791154	0.687466143816,0.00666349960609
1100	0.884932193354,0.00489589879907	0.689147563608,0.00262287369574
1125	0.881394934445,0.0100222815159	0.687818188671,0.00724400981765
1150	0.879944604996,0.00622944583364	0.688577130746,0.00331205733152
1175	0.884626739931,0.0048472195073	0.689036301723,0.00357094070193
1200	0.879448258035,0.00548801578892	0.686385450195,0.00447405641152
1225	0.882275808284,0.00524496910817	0.689326920366,0.00503298529242
125	0.88704145015,0.00564217424518	0.68555184213,0.0042470603548
1250	0.88306963691,0.0079693580477	0.689296193485,0.00560209209372
1275	0.884513121768,0.00602787749427	0.691455456756,0.00451433394209
1300	0.886646233243,0.00622539880693	0.691446160189,0.00453634911768
1325	0.880813701984,0.00534569644563	0.686706101177,0.00321334630455
1350	0.887460647845,0.00582373151139	0.691851559278,0.00420541047829
1375	0.884672211528,0.00697740621275	0.689808028627,0.00611790302912
1400	0.878691129196,0.00429706597051	0.687391616728,0.00350887412393
1425	0.889174232255,0.00677798444854	0.695382761233,0.00432050959202
1450	0.891312030468,0.00590344552923	0.695471182833,0.00415147875115
1475	0.885797800036,0.00734525665129	0.69099095018,0.00579649414652
150	0.884533396259,0.00556350255555	0.68333167979,0.00401303695941
1500	0.881452183937,0.00702178213491	0.68818914218,0.00423529241299
175	0.881786963893,0.00424440267692	0.683504455892,0.0032262813767
200	0.880634603429,0.00572477070347	0.682770065225,0.00456107388096
225	0.878851318672,0.00956303514656	0.683330769716,0.00704323928845
250	0.882327402897,0.00603149777496	0.684759810746,0.00469700666739
275	0.877543709372,0.0056218401732	0.680063606981,0.004199068061
300	0.885180502213,0.00648308570601	0.686417956182,0.00437447480314
325	0.882548899432,0.00635829656696	0.685264184124,0.00564621778042
350	0.884284586439,0.00922550809323	0.686302684993,0.00625528970291
375	0.879146311919,0.00479099006883	0.683360636304,0.00334447336258
400	0.881387699254,0.00838301576559	0.685087823952,0.00665782281301
425	0.876357540503,0.00713529158057	0.681862902061,0.00460145685801
450	0.880733985547,0.00962471090376	0.685092245042,0.00780335481844
475	0.878845226192,0.00842065622611	0.683880053039,0.00684785948702
500	0.880378464666,0.00643969610674	0.686270321417,0.00370519263192
525	0.878370198362,0.00744903873943	0.682685090634,0.00432672873811
550	0.879061833275,0.00909948984035	0.685032861251,0.0065527746895
575	0.880017075365,0.00693404903702	0.685638219351,0.00449236238676
600	0.879600011041,0.00635481486217	0.683377962043,0.00447386410639
625	0.87945827216,0.00745398312893	0.683884411462,0.00491384951649
650	0.877115073622,0.00742876955604	0.683923347544,0.00420531927985
675	0.879389471163,0.00488914463631	0.68390448109,0.00392172828747
700	0.881042478949,0.00358126152365	0.686357310064,0.003143948684
725	0.880833523352,0.00698410092698	0.688376534914,0.00441976780519
750	0.88236085765,0.00754513100958	0.687611992824,0.00434906578242
775	0.876405793174,0.00885358488061	0.683814809302,0.00606619953682
800	0.882524168298,0.00753631539469	0.688491831693,0.00372098118899
825	0.876043781794,0.00675046043717	0.68375232672,0.00415607171725
850	0.878066655473,0.00593252758606	0.685238284195,0.00471374238636
875	0.883058396856,0.00821776141902	0.68638835366,0.00464819902502
900	0.880400430553,0.00874359877786	0.685262561091,0.00694859064128
925	0.880581732021,0.00627733524829	0.686844390712,0.00518340024187
950	0.883013141202,0.00503333295509	0.687404030787,0.00348340087222
975	0.87972596675,0.00407480680776	0.685215380397,0.00280200168654
