lamb
0.1	0.965323037433,0.00285642907967	0.7580871249,0.00205123482958
0.15	0.964084875065,0.00259762272584	0.756349152066,0.0019825943182
0.2	0.963502803931,0.00279939508461	0.756229450409,0.00261510372911
++ 0.25	0.961741164044,0.00212055095583	0.754350871601,0.00222134164201
0.3	0.96587842815,0.00334916140905	0.7576870939,0.00270954161691
0.35	0.964525457437,0.00287192286807	0.756422501045,0.00239688050703
0.4	0.96489636318,0.00319720643087	0.756945154075,0.00254191053551
0.45	0.96595223454,0.00286102214052	0.757400169913,0.0023968971766
0.5	0.965616830609,0.0025346600306	0.757545455354,0.00257481845689
0.55	0.965438838873,0.00316342792693	0.757609669985,0.00277482054904
0.6	0.963592356277,0.00219925434733	0.755971273807,0.00184435761537
0.65	0.965619453689,0.00293366241845	0.757911036227,0.00222291949451
0.7	0.96682017619,0.00293265852374	0.758535961761,0.00232096370795
0.75	0.965961126135,0.00271233333387	0.7582102538,0.00248527455332
0.8	0.96526872358,0.00282735465544	0.757906065127,0.00279862224748
0.85	0.967689579537,0.00394099000131	0.759873276108,0.00310438958713
0.9	0.967332543218,0.00238849420194	0.759430345703,0.00233071827373
0.95	0.96619040139,0.00364099868089	0.75840255662,0.00249433507224
1.0	0.965250553608,0.00341181842064	0.75838480068,0.00266791662393
maxiter
100	0.965374999464,0.00275236782054	0.75783771905,0.00188882476088
120	0.964143010487,0.00280275558611	0.757439515161,0.00255735723824
140	0.964401583029,0.00360526161394	0.756435699715,0.00262666518329
160	0.96388976513,0.0033944886686	0.755801084888,0.00238071913041
180	0.96427830263,0.00308313766123	0.755633997199,0.00236886103122
200	0.964168088933,0.00254542977093	0.756008409176,0.00182764715974
220	0.96569187962,0.00266458288119	0.75696398534,0.00179568964517
240	0.964138621122,0.00401028854042	0.755881519249,0.00239879988442
260	0.964308229723,0.00269120522332	0.756715510554,0.00222761159905
280	0.966093204707,0.00346814928516	0.757788319867,0.00272923302219
++ 300	0.963116343708,0.00412128055452	0.755561068009,0.00333999360113
320	0.965144616797,0.00445609024776	0.756706605152,0.00300354907559
340	0.965120065592,0.00237475401102	0.756469418459,0.00195080041131
360	0.965352694836,0.00315856640504	0.756472091522,0.00271652589476
380	0.966365148411,0.00317551768861	0.757250914659,0.00241863101007
400	0.966110811741,0.00239497861384	0.757327896333,0.00177033015784
420	0.965881588554,0.00254439115392	0.757293029354,0.0021720649076
440	0.966099435788,0.00320320303921	0.757630805977,0.00256055490135
460	0.965762319948,0.00392078833939	0.757330568881,0.00288382024624
480	0.967670612081,0.00417200392898	0.758270374269,0.00352804882033
500	0.966499003849,0.00388668361127	0.757694106312,0.00298096992606
lr
0.01	0.964357648524,0.00265285952277	0.756319128847,0.00276105851281
0.015	0.963415917484,0.00290042472232	0.755825191807,0.0029998300707
++ 0.02	0.963371452293,0.00302854310531	0.75522834286,0.00241291484503
0.025	0.964248020125,0.00292622192848	0.756290355041,0.00297592327664
0.03	0.965124682455,0.0036678469975	0.756787409052,0.00313801393808
0.035	0.965664834247,0.00273223130571	0.75716922797,0.00217566680383
0.04	0.966095165432,0.00449220508493	0.757736132833,0.00335903747116
0.045	0.965756067489,0.00298749981977	0.756706768466,0.00226978081989
0.05	0.966654787431,0.00319162546539	0.757487510847,0.00230369292028
0.055	0.966036031476,0.00252968896875	0.757391582532,0.00201994292121
0.06	0.967982463633,0.00261261677299	0.759056908184,0.00217157575957
0.065	0.968764491215,0.00235724913531	0.759406199887,0.00242508211394
0.07	0.968963551861,0.00413816229498	0.759604644947,0.00317916306146
0.075	0.969497706861,0.00330689097095	0.760361192715,0.00200803017878
0.08	0.969013140338,0.00225775958277	0.759542654618,0.0020447164365
0.085	0.970092833504,0.00269404230652	0.760632756751,0.00242879034911
0.09	0.971561355728,0.00307634417743	0.761560050188,0.00284232061173
0.095	0.970800911105,0.0029378966667	0.761169129808,0.00267835820522
0.1	0.969229778175,0.0037624810767	0.76009095225,0.00270632162875
factors
1000	0.96469503317,0.00427907531882	0.757199899598,0.00377717361403
300	0.963901737993,0.002164573249	0.755193205103,0.00176043417698
325	0.962588925891,0.00247615561898	0.754668757598,0.00214725208519
350	0.962864757788,0.00204278451429	0.754963709478,0.00208447565625
375	0.964155588706,0.00364382942736	0.755717442623,0.00274117023476
400	0.96317733011,0.00314231149351	0.755122509845,0.00266723894841
++ 425	0.962350996454,0.00315961072707	0.754453719078,0.00265497349294
450	0.962896787488,0.00351871769813	0.755328882533,0.00253344609857
475	0.963594535412,0.0011562563643	0.754896237273,0.00159106542726
500	0.962516890278,0.00256748297129	0.754817381335,0.00229053266325
525	0.964004390603,0.00328610936569	0.756304091714,0.00270504069892
550	0.963737896155,0.00194383250063	0.755785843689,0.00163885700267
575	0.962975784123,0.00417943985441	0.755542656843,0.00307674275533
600	0.963960346495,0.00326169021102	0.756046659592,0.00227860233295
625	0.964357733495,0.00260506890301	0.756543014104,0.00189186703963
650	0.963278383736,0.00309439573223	0.756122558759,0.00323022053365
675	0.963192704098,0.00325656427342	0.755261290231,0.00257121315506
700	0.96475495097,0.00256576974965	0.756602218476,0.00184459483974
725	0.963619402585,0.00336249980535	0.755604115845,0.0028148769409
750	0.964393314938,0.00365892573903	0.756792180368,0.00302950830926
775	0.9624593795,0.00290650518348	0.754848198445,0.00227016718293
800	0.963350948223,0.00447739625306	0.755797205625,0.00358735559326
825	0.964159286948,0.00258130678352	0.75589198968,0.00180910099896
850	0.962589843979,0.00221802094764	0.755465631713,0.00136071411106
875	0.963207963359,0.00302736727729	0.755962548822,0.00214725562673
900	0.963585785482,0.00352396478187	0.756094432412,0.00218877019493
925	0.963369480299,0.00303526004714	0.756615720208,0.00261162075885
950	0.963905589303,0.00331274740046	0.756051805862,0.00304092475118
975	0.965248517395,0.00354956523885	0.757416069446,0.00265382078994
