lamb
0.9	0.967332543218,0.00238849420194	0.759430345703,0.00233071827373
0.8	0.96526872358,0.00282735465544	0.757906065127,0.00279862224748
1.0	0.965250553608,0.00341181842064	0.75838480068,0.00266791662393
0.1	0.965323037433,0.00285642907967	0.7580871249,0.00205123482958
0.3	0.96587842815,0.00334916140905	0.7576870939,0.00270954161691
0.2	0.963502803931,0.00279939508461	0.756229450409,0.00261510372911
0.5	0.965616830609,0.0025346600306	0.757545455354,0.00257481845689
0.4	0.96489636318,0.00319720643087	0.756945154075,0.00254191053551
0.7	0.96682017619,0.00293265852374	0.758535961761,0.00232096370795
0.6	0.963592356277,0.00219925434733	0.755971273807,0.00184435761537
0.65	0.965619453689,0.00293366241845	0.757911036227,0.00222291949451
0.45	0.96595223454,0.00286102214052	0.757400169913,0.0023968971766
20	0.96724632765,0.00211123098822	0.759383591988,0.00157959885268
0.25	0.961741164044,0.00212055095583	0.754350871601,0.00222134164201
3	0.963156781111,0.00443231696606	0.755288907716,0.0035141845407
2	0.964157042767,0.00270400217749	0.757462880353,0.00232827156095
5	0.962880381649,0.00396999075004	0.755095732746,0.00305813583671
4	0.963986288822,0.00174422184553	0.755906338972,0.00172957690905
7	0.963629748301,0.0032503246445	0.755811532365,0.00276765346122
6	0.964182249441,0.00278466521861	0.756310139076,0.00241603968288
9	0.9655507275,0.0030790008211	0.757403161126,0.002826091563
8	0.965055440776,0.00422658820735	0.757140608937,0.00349652549195
0.85	0.967689579537,0.00394099000131	0.759873276108,0.00310438958713
0.15	0.964084875065,0.00259762272584	0.756349152066,0.0019825943182
0.75	0.965961126135,0.00271233333387	0.7582102538,0.00248527455332
0.55	0.965438838873,0.00316342792693	0.757609669985,0.00277482054904
11	0.965350046777,0.0025291080243	0.757375590192,0.00213224309657
10	0.965310880951,0.00337224690695	0.757638776113,0.00225759104365
13	0.965744677901,0.00376323022954	0.758374584578,0.0036432101593
12	0.966406954768,0.00307821176927	0.758116891071,0.00264479851042
15	0.96518302671,0.0024197362746	0.758126228655,0.00236088739165
14	0.966818349728,0.00332550659056	0.758527514668,0.0022600302527
17	0.96729400914,0.00226183544245	0.759331877069,0.00240770886935
16	0.968344174749,0.00350093762497	0.759212807013,0.00243218818537
19	0.965624200197,0.0036928366884	0.758570188538,0.00252787298835
18	0.966172688586,0.00341913999567	0.758186550855,0.00328440197903
0.35	0.964525457437,0.00287192286807	0.756422501045,0.00239688050703
0.95	0.96619040139,0.00364099868089	0.75840255662,0.00249433507224
maxiter
200	0.964168088933,0.00254542977093	0.756008409176,0.00182764715974
140	0.964401583029,0.00360526161394	0.756435699715,0.00262666518329
300	0.963116343708,0.00412128055452	0.755561068009,0.00333999360113
420	0.965881588554,0.00254439115392	0.757293029354,0.0021720649076
440	0.966099435788,0.00320320303921	0.757630805977,0.00256055490135
380	0.966365148411,0.00317551768861	0.757250914659,0.00241863101007
320	0.965144616797,0.00445609024776	0.756706605152,0.00300354907559
460	0.965762319948,0.00392078833939	0.757330568881,0.00288382024624
120	0.964143010487,0.00280275558611	0.757439515161,0.00255735723824
180	0.96427830263,0.00308313766123	0.755633997199,0.00236886103122
260	0.964308229723,0.00269120522332	0.756715510554,0.00222761159905
340	0.965120065592,0.00237475401102	0.756469418459,0.00195080041131
240	0.964138621122,0.00401028854042	0.755881519249,0.00239879988442
500	0.966499003849,0.00388668361127	0.757694106312,0.00298096992606
400	0.966110811741,0.00239497861384	0.757327896333,0.00177033015784
280	0.966093204707,0.00346814928516	0.757788319867,0.00272923302219
100	0.965374999464,0.00275236782054	0.75783771905,0.00188882476088
480	0.967670612081,0.00417200392898	0.758270374269,0.00352804882033
160	0.96388976513,0.0033944886686	0.755801084888,0.00238071913041
360	0.965352694836,0.00315856640504	0.756472091522,0.00271652589476
220	0.96569187962,0.00266458288119	0.75696398534,0.00179568964517
lr
0.025	0.964248020125,0.00292622192848	0.756290355041,0.00297592327664
0.095	0.970800911105,0.0029378966667	0.761169129808,0.00267835820522
0.1	0.969229778175,0.0037624810767	0.76009095225,0.00270632162875
0.075	0.969497706861,0.00330689097095	0.760361192715,0.00200803017878
0.08	0.969013140338,0.00225775958277	0.759542654618,0.0020447164365
0.09	0.971561355728,0.00307634417743	0.761560050188,0.00284232061173
20	0.972582279381,0.00285957150969	0.762276568124,0.00225079483565
0.02	0.963371452293,0.00302854310531	0.75522834286,0.00241291484503
0.03	0.965124682455,0.0036678469975	0.756787409052,0.00313801393808
0.01	0.964357648524,0.00265285952277	0.756319128847,0.00276105851281
0.06	0.967982463633,0.00261261677299	0.759056908184,0.00217157575957
0.07	0.968963551861,0.00413816229498	0.759604644947,0.00317916306146
0.04	0.966095165432,0.00449220508493	0.757736132833,0.00335903747116
0.05	0.966654787431,0.00319162546539	0.757487510847,0.00230369292028
3	0.963216843735,0.0037421127651	0.75515684692,0.00297700783008
2	0.964762606319,0.00479314382748	0.756762480296,0.00336613899846
5	0.964689745258,0.00354407345405	0.756123226881,0.00291598367531
4	0.964878525175,0.00282073401133	0.756636900776,0.00211441397561
7	0.964914714301,0.00318149408175	0.756677649775,0.00213550736691
6	0.964722457513,0.00221594154852	0.756697974452,0.00174329541398
9	0.966657417508,0.00303221985663	0.757519637506,0.00228369881702
8	0.967148899303,0.00212700461418	0.758327054555,0.00183762475874
0.085	0.970092833504,0.00269404230652	0.760632756751,0.00242879034911
0.065	0.968764491215,0.00235724913531	0.759406199887,0.00242508211394
0.045	0.965756067489,0.00298749981977	0.756706768466,0.00226978081989
11	0.965951793707,0.00303958829481	0.757257866177,0.00214636787524
10	0.966375512074,0.00311117319912	0.757549082874,0.00208706070115
13	0.96909203642,0.0037298402703	0.759359143285,0.00301224804767
12	0.967241392719,0.00336710434246	0.75838975443,0.00266046604492
15	0.967243623553,0.00353706772143	0.758287220198,0.00232755282927
14	0.969431713551,0.00365585652544	0.759878845502,0.00286662679083
17	0.968831947634,0.00168659218569	0.759622590747,0.00193412659567
16	0.970167556982,0.00315548593027	0.760049033569,0.00319423210797
19	0.971218577464,0.00405583332199	0.761696575745,0.00303874987156
18	0.970923657178,0.00324969300142	0.761078158421,0.00258680407526
0.055	0.966036031476,0.00252968896875	0.757391582532,0.00201994292121
0.035	0.965664834247,0.00273223130571	0.75716922797,0.00217566680383
0.015	0.963415917484,0.00290042472232	0.755825191807,0.0029998300707
factors
600	0.963960346495,0.00326169021102	0.756046659592,0.00227860233295
625	0.964357733495,0.00260506890301	0.756543014104,0.00189186703963
450	0.962896787488,0.00351871769813	0.755328882533,0.00253344609857
700	0.96475495097,0.00256576974965	0.756602218476,0.00184459483974
550	0.963737896155,0.00194383250063	0.755785843689,0.00163885700267
575	0.962975784123,0.00417943985441	0.755542656843,0.00307674275533
475	0.963594535412,0.0011562563643	0.754896237273,0.00159106542726
975	0.965248517395,0.00354956523885	0.757416069446,0.00265382078994
850	0.962589843979,0.00221802094764	0.755465631713,0.00136071411106
950	0.963905589303,0.00331274740046	0.756051805862,0.00304092475118
875	0.963207963359,0.00302736727729	0.755962548822,0.00214725562673
525	0.964004390603,0.00328610936569	0.756304091714,0.00270504069892
650	0.963278383736,0.00309439573223	0.756122558759,0.00323022053365
325	0.962588925891,0.00247615561898	0.754668757598,0.00214725208519
425	0.962350996454,0.00315961072707	0.754453719078,0.00265497349294
500	0.962516890278,0.00256748297129	0.754817381335,0.00229053266325
775	0.9624593795,0.00290650518348	0.754848198445,0.00227016718293
750	0.964393314938,0.00365892573903	0.756792180368,0.00302950830926
300	0.963901737993,0.002164573249	0.755193205103,0.00176043417698
675	0.963192704098,0.00325656427342	0.755261290231,0.00257121315506
400	0.96317733011,0.00314231149351	0.755122509845,0.00266723894841
900	0.963585785482,0.00352396478187	0.756094432412,0.00218877019493
725	0.963619402585,0.00336249980535	0.755604115845,0.0028148769409
350	0.962864757788,0.00204278451429	0.754963709478,0.00208447565625
825	0.964159286948,0.00258130678352	0.75589198968,0.00180910099896
800	0.963350948223,0.00447739625306	0.755797205625,0.00358735559326
375	0.964155588706,0.00364382942736	0.755717442623,0.00274117023476
925	0.963369480299,0.00303526004714	0.756615720208,0.00261162075885
1000	0.96469503317,0.00427907531882	0.757199899598,0.00377717361403
